dim,variance,r2
2,0.17684819243097183,0.17684819243097183
3,0.08522948574252764,0.08522948574252764
4,0.33194723048766483,0.33194723048766483
5,0.3473252960220057,0.3473252960220057
6,0.384345496645491,0.384345496645491
7,0.4303440984322251,0.4303440984322251
8,0.435917750001817,0.435917750001817
9,0.4244632300938115,0.4244632300938115
10,0.4414975662608309,0.4414975662608309
11,0.43681235865728774,0.43681235865728774
12,0.4448126036168395,0.4448126036168395
13,0.43848328207104226,0.43848328207104226
14,0.4659364446617339,0.4659364446617339
15,0.4746672867765368,0.4746672867765368
16,0.4682748311813112,0.4682748311813112
17,0.4890063529187241,0.4890063529187241
18,0.47864062155611664,0.47864062155611664
19,0.4954642256794576,0.4954642256794576
20,0.46893190738427704,0.46893190738427704
21,0.4639097341915305,0.4639097341915305
22,0.47346348551096085,0.47346348551096085
23,0.48832424572199196,0.48832424572199196
24,0.4969984622259508,0.4969984622259508
25,0.48348964619927093,0.48348964619927093
26,0.4979398017437925,0.4979398017437925
27,0.48189019822727286,0.48189019822727286
28,0.5014293106361745,0.5014293106361745
29,0.505774111581705,0.505774111581705
30,0.520021465613329,0.520021465613329
31,0.5195736997380964,0.5195736997380964
32,0.5096283896119465,0.5096283896119465
33,0.5182509762707144,0.5182509762707144
34,0.5213410540430022,0.5213410540430022
35,0.5299362393982447,0.5299362393982447
36,0.5225902728097922,0.5225902728097922
37,0.5219211751205914,0.5219211751205914
38,0.5335749462792087,0.5335749462792087
39,0.5388008255057578,0.5388008255057578
40,0.5375627544499908,0.5375627544499908
41,0.5369704378463005,0.5369704378463005
42,0.5448823908100062,0.5448823908100062
43,0.5399143705545664,0.5399143705545664
44,0.5514217100304434,0.5514217100304434
45,0.5499123488774376,0.5499123488774376
46,0.5489374536323572,0.5489374536323572
47,0.5485631862838689,0.5485631862838689
48,0.5502656367383009,0.5502656367383009
49,0.5609722404132531,0.5609722404132531
50,0.5514968811412895,0.5514968811412895
51,0.5589360075396124,0.5589360075396124
52,0.55711441720962,0.55711441720962
53,0.5538020543228726,0.5538020543228726
54,0.5586868374785146,0.5586868374785146
55,0.5636579446922036,0.5636579446922036
56,0.5588094638379076,0.5588094638379076
57,0.5616104446028285,0.5616104446028285
58,0.5721280513337343,0.5721280513337343
59,0.564693958851663,0.564693958851663
60,0.5712624706785803,0.5712624706785803
61,0.5711202698080098,0.5711202698080098
62,0.5602548990529637,0.5602548990529637
63,0.573291033790728,0.573291033790728
64,0.5761643926337134,0.5761643926337134
65,0.5739076163559442,0.5739076163559442
66,0.566308069806644,0.566308069806644
67,0.5623129700516878,0.5623129700516878
68,0.5748286684110042,0.5748286684110042
69,0.5770723669431879,0.5770723669431879
70,0.5807898488561164,0.5807898488561164
71,0.5802184734324027,0.5802184734324027
72,0.5796209231022021,0.5796209231022021
73,0.5823180130424298,0.5823180130424298
74,0.5838157604530125,0.5838157604530125
75,0.580162031173711,0.580162031173711
76,0.580772712304265,0.580772712304265
77,0.5847977312930878,0.5847977312930878
78,0.5890964179079459,0.5890964179079459
79,0.5882015392034644,0.5882015392034644
80,0.5920759006393022,0.5920759006393022
81,0.5909130234311091,0.5909130234311091
82,0.5910524936623366,0.5910524936623366
83,0.5918020509129729,0.5918020509129729
84,0.5911471302365675,0.5911471302365675
85,0.5882708030419241,0.5882708030419241
86,0.5936894009927947,0.5936894009927947
87,0.5930739656265857,0.5930739656265857
88,0.5975691896028906,0.5975691896028906
89,0.5944106483919376,0.5944106483919376
90,0.5929005241136874,0.5929005241136874
91,0.5928069895846633,0.5928069895846633
92,0.5944200344043296,0.5944200344043296
93,0.5975138045291031,0.5975138045291031
94,0.597407463034189,0.597407463034189
95,0.6029507302220731,0.6029507302220731
96,0.6001223351523903,0.6001223351523903
97,0.5978790973069339,0.5978790973069339
98,0.604552516544767,0.604552516544767
99,0.607472568802781,0.607472568802781
100,0.5950021666751284,0.5950021666751284
101,0.6015185859449513,0.6015185859449513
102,0.6062372834384823,0.6062372834384823
103,0.6094730939145526,0.6094730939145526
104,0.6041645861764404,0.6041645861764404
105,0.6137918364753903,0.6137918364753903
106,0.6091032661290448,0.6091032661290448
107,0.6153426032940158,0.6153426032940158
108,0.6070654064673475,0.6070654064673475
109,0.6078378227129466,0.6078378227129466
110,0.6107928637932324,0.6107928637932324
111,0.6150459861481943,0.6150459861481943
112,0.614746136914978,0.614746136914978
113,0.6060924908045067,0.6060924908045067
114,0.6105176410127916,0.6105176410127916
115,0.6127474792397701,0.6127474792397701
116,0.6086269141971821,0.6086269141971821
117,0.6069427981587242,0.6069427981587242
118,0.617826645603394,0.617826645603394
119,0.6190902541412775,0.6190902541412775
120,0.6142178127067339,0.6142178127067339
121,0.6133298879284246,0.6133298879284246
122,0.610669977675478,0.610669977675478
123,0.5890125438229095,0.5890125438229095
124,0.6156792506611652,0.6156792506611652
125,0.6232598108412948,0.6232598108412948
126,0.6092157230524942,0.6092157230524942
127,0.6151551624951554,0.6151551624951554
128,0.5866812215677158,0.5866812215677158
129,0.6201450684868944,0.6201450684868944
130,0.6244950640694105,0.6244950640694105
131,0.6171424804813599,0.6171424804813599
132,0.6175301686609647,0.6175301686609647
133,0.6120676457189071,0.6120676457189071
134,0.6212578067193015,0.6212578067193015
135,0.6016481298458141,0.6016481298458141
136,0.6253048925541821,0.6253048925541821
137,0.6266024691990373,0.6266024691990373
138,0.6042390434467334,0.6042390434467334
139,0.5961032423697257,0.5961032423697257
140,0.6119985733360627,0.6119985733360627
141,0.6095298741089707,0.6095298741089707
142,0.6190403042215568,0.6190403042215568
143,0.6102824143786316,0.6102824143786316
144,0.6086724866086819,0.6086724866086819
145,0.6290691198870839,0.6290691198870839
146,0.6181464597457311,0.6181464597457311
147,0.5775042981511092,0.5775042981511092
148,0.5875845559274173,0.5875845559274173
149,0.6175038255596694,0.6175038255596694
150,0.5669094987455596,0.5669094987455596
151,0.6050878945069396,0.6050878945069396
152,0.5992077535089464,0.5992077535089464
153,0.617491475666297,0.617491475666297
154,0.6380628496001052,0.6380628496001052
155,0.5587894368507006,0.5587894368507006
156,0.6201402382280572,0.6201402382280572
157,0.6319579777647888,0.6319579777647888
158,0.6210178684529121,0.6210178684529121
159,0.6091708128610955,0.6091708128610955
160,0.6136441115261493,0.6136441115261493
161,0.6083434179603674,0.6083434179603674
162,0.5986799934851214,0.5986799934851214
163,0.6141945162881959,0.6141945162881959
164,0.5070029771686821,0.5070029771686821
165,0.6266267028021979,0.6266267028021979
166,0.6399749397773876,0.6399749397773876
167,0.6252725236377064,0.6252725236377064
168,0.6153530073949276,0.6153530073949276
169,0.638273647845973,0.638273647845973
170,0.593399597298907,0.593399597298907
171,0.6275010061624295,0.6275010061624295
172,0.6254016052605317,0.6254016052605317
173,0.6241920242417742,0.6241920242417742
174,0.6163722903442812,0.6163722903442812
175,0.6303167671164328,0.6303167671164328
176,0.6193079271397215,0.6193079271397215
177,0.6192076120857444,0.6192076120857444
178,0.6163302713812838,0.6163302713812838
179,0.6239667064336855,0.6239667064336855
180,0.6068698622726882,0.6068698622726882
181,0.6225041625288519,0.6225041625288519
182,0.6368450165569117,0.6368450165569117
183,0.6267300245119712,0.6267300245119712
184,0.6200936326112513,0.6200936326112513
185,0.6232543331655314,0.6232543331655314
186,0.633785277361933,0.633785277361933
187,0.6222223808133297,0.6222223808133297
188,0.6284060704321319,0.6284060704321319
189,0.6357969786366201,0.6357969786366201
190,0.6102971413484755,0.6102971413484755
