fold,dim,variance,r2
1,1,0.18600844846229125,0.18600844846229125
1,2,0.19368064534800222,0.19368064534800222
1,3,0.3668132331881936,0.3668132331881936
1,4,0.3754136201329862,0.3754136201329862
1,5,0.392335437637235,0.392335437637235
1,6,0.47277338718600714,0.47277338718600714
1,7,0.49298004020146213,0.49298004020146213
1,8,0.4955518641960429,0.4955518641960429
1,9,0.49706041958824265,0.49706041958824265
1,10,0.4971956224144739,0.4971956224144739
1,11,0.5007334677518356,0.5007334677518356
1,12,0.5354422057315538,0.5354422057315538
1,13,0.5411859159466196,0.5411859159466196
1,14,0.5546367635085903,0.5546367635085903
1,15,0.5550816966646299,0.5550816966646299
1,16,0.5558399747034047,0.5558399747034047
1,17,0.5559142589710797,0.5559142589710797
1,18,0.5558229743500863,0.5558229743500863
1,19,0.5710808048236324,0.5710808048236324
1,20,0.5711186928518943,0.5711186928518943
1,21,0.573464262528316,0.573464262528316
1,22,0.574228816777424,0.574228816777424
1,23,0.5755619450086354,0.5755619450086354
1,24,0.57962187471105,0.57962187471105
1,25,0.585273213233653,0.585273213233653
1,26,0.5862720867176807,0.5862720867176807
1,27,0.5866633649978416,0.5866633649978416
1,28,0.5882327959826025,0.5882327959826025
1,29,0.5876790755165159,0.5876790755165159
1,30,0.5885393176034561,0.5885393176034561
1,31,0.5919393909349249,0.5919393909349249
1,32,0.6035026059995802,0.6035026059995802
1,33,0.6042881039785971,0.6042881039785971
1,34,0.6059728429004656,0.6059728429004656
1,35,0.609816775749801,0.609816775749801
1,36,0.6116848713987963,0.6116848713987963
1,37,0.6138557960092381,0.6138557960092381
1,38,0.6148590003291488,0.6148590003291488
1,39,0.6154794996066051,0.6154794996066051
1,40,0.6183730101364637,0.6183730101364637
1,41,0.6216715253212991,0.6216715253212991
1,42,0.6239623810750956,0.6239623810750956
1,43,0.6275693373019444,0.6275693373019444
1,44,0.6286618709528451,0.6286618709528451
1,45,0.6305907045508066,0.6305907045508066
1,46,0.6290602941683935,0.6290602941683935
1,47,0.6318199804942178,0.6318199804942178
1,48,0.6338918783328854,0.6338918783328854
1,49,0.6335384708517041,0.6335384708517041
1,50,0.6346986773380301,0.6346986773380301
2,1,0.16092654727694977,0.16092654727694977
2,2,0.16563093787763583,0.16563093787763583
2,3,0.29262750089205314,0.29262750089205314
2,4,0.2940567371207734,0.2940567371207734
2,5,0.3078285633541671,0.3078285633541671
2,6,0.3607253108312376,0.3607253108312376
2,7,0.376818491505326,0.376818491505326
2,8,0.37752968640355167,0.37752968640355167
2,9,0.3788204675864779,0.3788204675864779
2,10,0.3790420277107227,0.3790420277107227
2,11,0.3829415295246915,0.3829415295246915
2,12,0.4087070924197215,0.4087070924197215
2,13,0.4126255009938481,0.4126255009938481
2,14,0.42062269730892243,0.42062269730892243
2,15,0.42074230820358904,0.42074230820358904
2,16,0.42157056637089163,0.42157056637089163
2,17,0.42236113684360777,0.42236113684360777
2,18,0.4226627807664556,0.4226627807664556
2,19,0.43149393467164876,0.43149393467164876
2,20,0.43266184638847727,0.43266184638847727
2,21,0.43430656084127073,0.43430656084127073
2,22,0.4398214981171381,0.4398214981171381
2,23,0.4391752980891286,0.4391752980891286
2,24,0.4427093882460791,0.4427093882460791
2,25,0.4427126481176483,0.4427126481176483
2,26,0.4490500720336621,0.4490500720336621
2,27,0.45057996126532496,0.45057996126532496
2,28,0.4490124959705155,0.4490124959705155
2,29,0.44961281686341403,0.44961281686341403
2,30,0.4492308316379221,0.4492308316379221
2,31,0.45780895812370537,0.45780895812370537
2,32,0.45639019345155885,0.45639019345155885
2,33,0.4595348502157678,0.4595348502157678
2,34,0.4655764711987833,0.4655764711987833
2,35,0.4646229939670806,0.4646229939670806
2,36,0.47203531156516343,0.47203531156516343
2,37,0.47139877439286404,0.47139877439286404
2,38,0.47278411426080513,0.47278411426080513
2,39,0.4766820370149002,0.4766820370149002
2,40,0.4825931184722274,0.4825931184722274
2,41,0.4815226647312586,0.4815226647312586
2,42,0.48319922823526784,0.48319922823526784
2,43,0.48526770013229736,0.48526770013229736
2,44,0.4867156009244793,0.4867156009244793
2,45,0.4865415166212558,0.4865415166212558
2,46,0.49044038872169904,0.49044038872169904
2,47,0.49296700959708295,0.49296700959708295
2,48,0.492101212846325,0.492101212846325
2,49,0.49462343449826784,0.49462343449826784
2,50,0.4921519782085879,0.4921519782085879
3,1,0.23836741619101687,0.23836741619101687
3,2,0.2487284498928518,0.2487284498928518
3,3,0.4195890389621125,0.4195890389621125
3,4,0.42715769274478277,0.42715769274478277
3,5,0.44720906702059227,0.44720906702059227
3,6,0.5257631417712607,0.5257631417712607
3,7,0.5467344982929409,0.5467344982929409
3,8,0.5473941042663535,0.5473941042663535
3,9,0.5482756843877121,0.5482756843877121
3,10,0.5485100375353353,0.5485100375353353
3,11,0.5554779024416924,0.5554779024416924
3,12,0.5812858529614195,0.5812858529614195
3,13,0.5929302994272068,0.5929302994272068
3,14,0.600328479291597,0.600328479291597
3,15,0.6011360208856358,0.6011360208856358
3,16,0.601371866226176,0.601371866226176
3,17,0.6023946720520107,0.6023946720520107
3,18,0.6037350647509254,0.6037350647509254
3,19,0.6185811574188291,0.6185811574188291
3,20,0.6207460545967197,0.6207460545967197
3,21,0.6217620875685843,0.6217620875685843
3,22,0.6236267132469809,0.6236267132469809
3,23,0.6282301539178281,0.6282301539178281
3,24,0.6304325712724632,0.6304325712724632
3,25,0.6329666376509349,0.6329666376509349
3,26,0.6409648723898229,0.6409648723898229
3,27,0.6416483460265519,0.6416483460265519
3,28,0.6418974511140756,0.6418974511140756
3,29,0.6410418525953222,0.6410418525953222
3,30,0.6415156307539931,0.6415156307539931
3,31,0.65174830292632,0.65174830292632
3,32,0.6548458513514167,0.6548458513514167
3,33,0.6568934035078186,0.6568934035078186
3,34,0.6601298417172852,0.6601298417172852
3,35,0.6607551894253806,0.6607551894253806
3,36,0.6616412765829471,0.6616412765829471
3,37,0.663546651993396,0.663546651993396
3,38,0.6624411609058172,0.6624411609058172
3,39,0.6669872836487869,0.6669872836487869
3,40,0.6726709801994493,0.6726709801994493
3,41,0.668743592620484,0.668743592620484
3,42,0.6730784400957551,0.6730784400957551
3,43,0.6774927796246559,0.6774927796246559
3,44,0.6808261914581142,0.6808261914581142
3,45,0.6818734150248349,0.6818734150248349
3,46,0.6819886004458686,0.6819886004458686
3,47,0.6876695554320225,0.6876695554320225
3,48,0.6893239617776399,0.6893239617776399
3,49,0.6855785186484246,0.6855785186484246
3,50,0.6882060029060818,0.6882060029060818
4,1,0.18484058221958577,0.18484058221958577
4,2,0.1971335833158837,0.1971335833158837
4,3,0.35050659844107956,0.35050659844107956
4,4,0.3564228890206135,0.3564228890206135
4,5,0.3782507763331827,0.3782507763331827
4,6,0.4468902008946237,0.4468902008946237
4,7,0.46230337723533177,0.46230337723533177
4,8,0.4626853151440933,0.4626853151440933
4,9,0.46405592911066484,0.46405592911066484
4,10,0.4641354048113059,0.4641354048113059
4,11,0.46717724092354596,0.46717724092354596
4,12,0.497397948507428,0.497397948507428
4,13,0.510443042411239,0.510443042411239
4,14,0.5185846292208811,0.5185846292208811
4,15,0.518964950213906,0.518964950213906
4,16,0.5191901252036093,0.5191901252036093
4,17,0.5195896106946432,0.5195896106946432
4,18,0.5198344457121893,0.5198344457121893
4,19,0.5345879593147322,0.5345879593147322
4,20,0.5344377113431882,0.5344377113431882
4,21,0.5370618478488447,0.5370618478488447
4,22,0.5381871025677264,0.5381871025677264
4,23,0.5391774767910978,0.5391774767910978
4,24,0.5410021339554709,0.5410021339554709
4,25,0.5496263609825078,0.5496263609825078
4,26,0.5508011775464018,0.5508011775464018
4,27,0.5512034817283731,0.5512034817283731
4,28,0.5511561197139923,0.5511561197139923
4,29,0.550237259755596,0.550237259755596
4,30,0.5515649725016625,0.5515649725016625
4,31,0.5551899037597777,0.5551899037597777
4,32,0.5600374286200538,0.5600374286200538
4,33,0.5651851351188187,0.5651851351188187
4,34,0.5655715042134425,0.5655715042134425
4,35,0.5674692063669233,0.5674692063669233
4,36,0.5728036493831848,0.5728036493831848
4,37,0.5722910458120158,0.5722910458120158
4,38,0.5714785974877292,0.5714785974877292
4,39,0.5758074517999823,0.5758074517999823
4,40,0.5839015752599876,0.5839015752599876
4,41,0.583225002725265,0.583225002725265
4,42,0.584434840152734,0.584434840152734
4,43,0.5894397711978134,0.5894397711978134
4,44,0.5892539708381239,0.5892539708381239
4,45,0.5894347614862153,0.5894347614862153
4,46,0.5913190080349809,0.5913190080349809
4,47,0.5963623305500168,0.5963623305500168
4,48,0.5943188413148568,0.5943188413148568
4,49,0.5940504559077192,0.5940504559077192
4,50,0.5972673441393493,0.5972673441393493
5,1,0.18289089792546198,0.18289089792546198
5,2,0.1921117596121642,0.1921117596121642
5,3,0.33919591371856417,0.33919591371856417
5,4,0.3453437531404673,0.3453437531404673
5,5,0.3608625910193787,0.3608625910193787
5,6,0.4347365133565211,0.4347365133565211
5,7,0.4520356051746528,0.4520356051746528
5,8,0.45232934963860794,0.45232934963860794
5,9,0.4530039805341185,0.4530039805341185
5,10,0.45328331432816893,0.45328331432816893
5,11,0.455153143125674,0.455153143125674
5,12,0.48865061687166134,0.48865061687166134
5,13,0.49527330916310786,0.49527330916310786
5,14,0.5035080499116764,0.5035080499116764
5,15,0.50426661116577,0.50426661116577
5,16,0.5043787908295321,0.5043787908295321
5,17,0.5050441521036368,0.5050441521036368
5,18,0.5055510855703862,0.5055510855703862
5,19,0.5202865751071895,0.5202865751071895
5,20,0.5199380472442134,0.5199380472442134
5,21,0.522198643204882,0.522198643204882
5,22,0.5269028983551923,0.5269028983551923
5,23,0.5262620005935138,0.5262620005935138
5,24,0.530516698214675,0.530516698214675
5,25,0.5314483773419565,0.5314483773419565
5,26,0.5353633883572919,0.5353633883572919
5,27,0.5382309632813609,0.5382309632813609
5,28,0.5390029570586621,0.5390029570586621
5,29,0.5376607563543276,0.5376607563543276
5,30,0.5374186507841487,0.5374186507841487
5,31,0.5459693919938828,0.5459693919938828
5,32,0.5482478357161364,0.5482478357161364
5,33,0.5499895581924097,0.5499895581924097
5,34,0.549964186152258,0.549964186152258
5,35,0.5558624129616723,0.5558624129616723
5,36,0.5569039268334306,0.5569039268334306
5,37,0.5581321141638483,0.5581321141638483
5,38,0.5584634772332622,0.5584634772332622
5,39,0.5604821394228917,0.5604821394228917
5,40,0.560621055175525,0.560621055175525
5,41,0.5666097905491458,0.5666097905491458
5,42,0.5646814371601345,0.5646814371601345
5,43,0.5677229230761185,0.5677229230761185
5,44,0.568492466820357,0.568492466820357
5,45,0.5707148323409831,0.5707148323409831
5,46,0.5722789022574108,0.5722789022574108
5,47,0.5759011694762737,0.5759011694762737
5,48,0.5761422434144614,0.5761422434144614
5,49,0.5754394983854483,0.5754394983854483
5,50,0.575919284832472,0.575919284832472
