fold,dim,variance,r2
1,1,0.16640697821808115,0.16640697821808115
1,2,0.17482172978374466,0.17482172978374466
1,3,0.3136279894075684,0.3136279894075684
1,4,0.31922706443157367,0.31922706443157367
1,5,0.3326365080276019,0.3326365080276019
1,6,0.40487052843842275,0.40487052843842275
1,7,0.41961175636399317,0.41961175636399317
1,8,0.42049153005950035,0.42049153005950035
1,9,0.42206109011986215,0.42206109011986215
1,10,0.4222332852025509,0.4222332852025509
1,11,0.42418594455377545,0.42418594455377545
1,12,0.4613840192373747,0.4613840192373747
1,13,0.4674570928654448,0.4674570928654448
1,14,0.475349835525845,0.475349835525845
1,15,0.4754183020753052,0.4754183020753052
1,16,0.47593182522443467,0.47593182522443467
1,17,0.47691147632523523,0.47691147632523523
1,18,0.4775341913521852,0.4775341913521852
1,19,0.48872417495559717,0.48872417495559717
1,20,0.4908238483853019,0.4908238483853019
1,21,0.4920125105368992,0.4920125105368992
1,22,0.492337499815517,0.492337499815517
1,23,0.49688411271463384,0.49688411271463384
1,24,0.4981088768764126,0.4981088768764126
1,25,0.5010238063051393,0.5010238063051393
1,26,0.5068211751140597,0.5068211751140597
1,27,0.5076149266415373,0.5076149266415373
1,28,0.5049510943523079,0.5049510943523079
1,29,0.5072596091132358,0.5072596091132358
1,30,0.5065733727217127,0.5065733727217127
1,31,0.5134857746554566,0.5134857746554566
1,32,0.5139601126874711,0.5139601126874711
1,33,0.514260715167356,0.514260715167356
1,34,0.5160040576107916,0.5160040576107916
1,35,0.5244507230101643,0.5244507230101643
1,36,0.5235472984269164,0.5235472984269164
1,37,0.5244654340030679,0.5244654340030679
1,38,0.5288450894240228,0.5288450894240228
1,39,0.5261228346237137,0.5261228346237137
1,40,0.533068609014308,0.533068609014308
1,41,0.536735681490983,0.536735681490983
1,42,0.538144180077945,0.538144180077945
1,43,0.5398272782213165,0.5398272782213165
1,44,0.5403504784671784,0.5403504784671784
1,45,0.5398834645603134,0.5398834645603134
1,46,0.5438113533383493,0.5438113533383493
1,47,0.5465934019870944,0.5465934019870944
1,48,0.5467242230481948,0.5467242230481948
1,49,0.5485713495048763,0.5485713495048763
1,50,0.546514512477729,0.546514512477729
1,51,0.5514369486000041,0.5514369486000041
1,52,0.5474394216778118,0.5474394216778118
1,53,0.5475434570110442,0.5475434570110442
1,54,0.5512670386879654,0.5512670386879654
1,55,0.5556618742221917,0.5556618742221917
1,56,0.5570298258167531,0.5570298258167531
1,57,0.55643114140649,0.55643114140649
1,58,0.5553214611524518,0.5553214611524518
1,59,0.5541707388309586,0.5541707388309586
1,60,0.5579489863901282,0.5579489863901282
1,61,0.5577303723072469,0.5577303723072469
1,62,0.5573644642478148,0.5573644642478148
1,63,0.5574535758470897,0.5574535758470897
1,64,0.5582837630625286,0.5582837630625286
1,65,0.5590160523361518,0.5590160523361518
1,66,0.5580298374529952,0.5580298374529952
1,67,0.5579771311328863,0.5579771311328863
1,68,0.5603311174922472,0.5603311174922472
1,69,0.5621332133688486,0.5621332133688486
1,70,0.5594804554652053,0.5594804554652053
1,71,0.5637243841461421,0.5637243841461421
1,72,0.5634336416704828,0.5634336416704828
1,73,0.5652292038718457,0.5652292038718457
1,74,0.5698532046660922,0.5698532046660922
1,75,0.5729229146805399,0.5729229146805399
1,76,0.5696344949485466,0.5696344949485466
1,77,0.5764089348083108,0.5764089348083108
1,78,0.5758154436688154,0.5758154436688154
1,79,0.5747489422889999,0.5747489422889999
1,80,0.5780149143849991,0.5780149143849991
1,81,0.5776650332079699,0.5776650332079699
1,82,0.5784650435203629,0.5784650435203629
1,83,0.5783930892788955,0.5783930892788955
1,84,0.5798016028949211,0.5798016028949211
1,85,0.5801688155226392,0.5801688155226392
1,86,0.5826742603492552,0.5826742603492552
1,87,0.5803248255214318,0.5803248255214318
1,88,0.5833885449310809,0.5833885449310809
1,89,0.5823752032180419,0.5823752032180419
1,90,0.5810990227039634,0.5810990227039634
1,91,0.5832541559264917,0.5832541559264917
1,92,0.5822446679374689,0.5822446679374689
1,93,0.5843092788935631,0.5843092788935631
1,94,0.5822054471558585,0.5822054471558585
1,95,0.5847540557570889,0.5847540557570889
1,96,0.588443554144032,0.588443554144032
1,97,0.5864870036159919,0.5864870036159919
1,98,0.5871418744837542,0.5871418744837542
1,99,0.5880751602493212,0.5880751602493212
1,100,0.5926296002346212,0.5926296002346212
1,101,0.5946747415033689,0.5946747415033689
1,102,0.5922197751768699,0.5922197751768699
1,103,0.5928735512429786,0.5928735512429786
1,104,0.5946078645774346,0.5946078645774346
1,105,0.5970690402087273,0.5970690402087273
1,106,0.5985136669288609,0.5985136669288609
1,107,0.5962505578883358,0.5962505578883358
1,108,0.5977259814351714,0.5977259814351714
1,109,0.5949631731335346,0.5949631731335346
1,110,0.5977793930480423,0.5977793930480423
1,111,0.5978740960522927,0.5978740960522927
1,112,0.5983926045689358,0.5983926045689358
1,113,0.5999706088836243,0.5999706088836243
1,114,0.5986826970003676,0.5986826970003676
1,115,0.5996631924939786,0.5996631924939786
1,116,0.5988938215855406,0.5988938215855406
1,117,0.6005357604518675,0.6005357604518675
1,118,0.600687404731335,0.600687404731335
1,119,0.5999019420760247,0.5999019420760247
1,120,0.6020723292370465,0.6020723292370465
1,121,0.6028366544790771,0.6028366544790771
1,122,0.6048629215585838,0.6048629215585838
1,123,0.6041555757127616,0.6041555757127616
1,124,0.6057922135801692,0.6057922135801692
1,125,0.6051360205600143,0.6051360205600143
1,126,0.6048874469224033,0.6048874469224033
1,127,0.6061467389084096,0.6061467389084096
1,128,0.604805709746404,0.604805709746404
1,129,0.6067395873826777,0.6067395873826777
1,130,0.6059092249001548,0.6059092249001548
1,131,0.6071556295462088,0.6071556295462088
1,132,0.6089617633003026,0.6089617633003026
1,133,0.6088981678091256,0.6088981678091256
1,134,0.6071146217866528,0.6071146217866528
1,135,0.6079492183602675,0.6079492183602675
1,136,0.6103751641330685,0.6103751641330685
1,137,0.6096115437017338,0.6096115437017338
1,138,0.6116871797172139,0.6116871797172139
1,139,0.6121110490267891,0.6121110490267891
1,140,0.61167544211861,0.61167544211861
1,141,0.6122089935528676,0.6122089935528676
1,142,0.613957841748368,0.613957841748368
1,143,0.6123357723606189,0.6123357723606189
1,144,0.6122600231676134,0.6122600231676134
1,145,0.6130549612982709,0.6130549612982709
1,146,0.6139696149223267,0.6139696149223267
1,147,0.6141234755173793,0.6141234755173793
1,148,0.615081531766648,0.615081531766648
1,149,0.6147652165700614,0.6147652165700614
1,150,0.6161501275107406,0.6161501275107406
1,151,0.6150730794399054,0.6150730794399054
1,152,0.616641319722854,0.616641319722854
1,153,0.6161114233464288,0.6161114233464288
1,154,0.6166406034100245,0.6166406034100245
1,155,0.6190823036318891,0.6190823036318891
1,156,0.6190559535727223,0.6190559535727223
1,157,0.6192808115318107,0.6192808115318107
1,158,0.619414191946235,0.619414191946235
1,159,0.6193526482817456,0.6193526482817456
1,160,0.6191263597657652,0.6191263597657652
1,161,0.6196603868143016,0.6196603868143016
1,162,0.6199936286386204,0.6199936286386204
1,163,0.6201715323285084,0.6201715323285084
1,164,0.6201701875998031,0.6201701875998031
1,165,0.6198772602515007,0.6198772602515007
1,166,0.6198460919212327,0.6198460919212327
1,167,0.6196516385102302,0.6196516385102302
1,168,0.6195642425967602,0.6195642425967602
1,169,0.6194817516606184,0.6194817516606184
1,170,0.6194696581632592,0.6194696581632592
1,171,0.6227137440090076,0.6227137440090076
1,172,0.6227543365261805,0.6227543365261805
1,173,0.6246835531685545,0.6246835531685545
1,174,0.6255156456262407,0.6255156456262407
1,175,0.6255086132568148,0.6255086132568148
1,176,0.6259148236921566,0.6259148236921566
1,177,0.6256413649882977,0.6256413649882977
1,178,0.6273603593579715,0.6273603593579715
1,179,0.6274246176843277,0.6274246176843277
1,180,0.6275282474357162,0.6275282474357162
1,181,0.6275168537101574,0.6275168537101574
1,182,0.6272815245141563,0.6272815245141563
1,183,0.6273402451443109,0.6273402451443109
1,184,0.6275777651821411,0.6275777651821411
1,185,0.6280323060754542,0.6280323060754542
1,186,0.6279890909724251,0.6279890909724251
1,187,0.6293992859263363,0.6293992859263363
1,188,0.6305975864615967,0.6305975864615967
1,189,0.6316169589792594,0.6316169589792594
1,190,0.63204433591385,0.63204433591385
2,1,0.1566500489808198,0.1566500489808198
2,2,0.16313232334537453,0.16313232334537453
2,3,0.31710604340251014,0.31710604340251014
2,4,0.3232141244068959,0.3232141244068959
2,5,0.3412946231286178,0.3412946231286178
2,6,0.4073933398828884,0.4073933398828884
2,7,0.4283443861669781,0.4283443861669781
2,8,0.42891373406742417,0.42891373406742417
2,9,0.42954426729467865,0.42954426729467865
2,10,0.4296321007359998,0.4296321007359998
2,11,0.4373023970435478,0.4373023970435478
2,12,0.4612355193787496,0.4612355193787496
2,13,0.46861769714340407,0.46861769714340407
2,14,0.4807982345847367,0.4807982345847367
2,15,0.4806452189237197,0.4806452189237197
2,16,0.4809513022366796,0.4809513022366796
2,17,0.4812919250078659,0.4812919250078659
2,18,0.4824549389690669,0.4824549389690669
2,19,0.49606011146604523,0.49606011146604523
2,20,0.4969934151949561,0.4969934151949561
2,21,0.49829856991900046,0.49829856991900046
2,22,0.49900180711215625,0.49900180711215625
2,23,0.5004795797983121,0.5004795797983121
2,24,0.5041971868787061,0.5041971868787061
2,25,0.5057669509231026,0.5057669509231026
2,26,0.5119414260924472,0.5119414260924472
2,27,0.511127623641181,0.511127623641181
2,28,0.51316180076504,0.51316180076504
2,29,0.5125785944142289,0.5125785944142289
2,30,0.5124238303328988,0.5124238303328988
2,31,0.5238778417983051,0.5238778417983051
2,32,0.5295547085012942,0.5295547085012942
2,33,0.530052537993559,0.530052537993559
2,34,0.5293058565701716,0.5293058565701716
2,35,0.5350543172652309,0.5350543172652309
2,36,0.5343284125289733,0.5343284125289733
2,37,0.5362130175265094,0.5362130175265094
2,38,0.5359159388015824,0.5359159388015824
2,39,0.5401167785941166,0.5401167785941166
2,40,0.5441642461417091,0.5441642461417091
2,41,0.5439870570083152,0.5439870570083152
2,42,0.5468750191326749,0.5468750191326749
2,43,0.550634209742676,0.550634209742676
2,44,0.5516247209104326,0.5516247209104326
2,45,0.5527141316022292,0.5527141316022292
2,46,0.5571476946733105,0.5571476946733105
2,47,0.5583127735691737,0.5583127735691737
2,48,0.5605037799260199,0.5605037799260199
2,49,0.5601194835988315,0.5601194835988315
2,50,0.5589166266500687,0.5589166266500687
2,51,0.5610302606918345,0.5610302606918345
2,52,0.5635888490635084,0.5635888490635084
2,53,0.5621540666396296,0.5621540666396296
2,54,0.5681382926229305,0.5681382926229305
2,55,0.5672256661158243,0.5672256661158243
2,56,0.5698460028868202,0.5698460028868202
2,57,0.5684707778029422,0.5684707778029422
2,58,0.5680777718612817,0.5680777718612817
2,59,0.570822160554714,0.570822160554714
2,60,0.5691958682694704,0.5691958682694704
2,61,0.572269901702647,0.572269901702647
2,62,0.5718009714010739,0.5718009714010739
2,63,0.5717265129368923,0.5717265129368923
2,64,0.5724088180889416,0.5724088180889416
2,65,0.5750701323392002,0.5750701323392002
2,66,0.5727544785607459,0.5727544785607459
2,67,0.5728005525715059,0.5728005525715059
2,68,0.5784218049266567,0.5784218049266567
2,69,0.5748028374101029,0.5748028374101029
2,70,0.5778470377380159,0.5778470377380159
2,71,0.5816921996551357,0.5816921996551357
2,72,0.5808641416628568,0.5808641416628568
2,73,0.5804069921534047,0.5804069921534047
2,74,0.5867338638122505,0.5867338638122505
2,75,0.5878655178695611,0.5878655178695611
2,76,0.589113376146825,0.589113376146825
2,77,0.5918953894945793,0.5918953894945793
2,78,0.5918361961188006,0.5918361961188006
2,79,0.5910064119089846,0.5910064119089846
2,80,0.5964965643312765,0.5964965643312765
2,81,0.5960123647149347,0.5960123647149347
2,82,0.5969182270499107,0.5969182270499107
2,83,0.5936263230515977,0.5936263230515977
2,84,0.5971506788220622,0.5971506788220622
2,85,0.5994752305370621,0.5994752305370621
2,86,0.5976357423030189,0.5976357423030189
2,87,0.6002160652947578,0.6002160652947578
2,88,0.6024834971944734,0.6024834971944734
2,89,0.5994134029413847,0.5994134029413847
2,90,0.6023727850348346,0.6023727850348346
2,91,0.6014859448443128,0.6014859448443128
2,92,0.6029123033208728,0.6029123033208728
2,93,0.6030769546730942,0.6030769546730942
2,94,0.6071505406115929,0.6071505406115929
2,95,0.6046370960281522,0.6046370960281522
2,96,0.60805125685179,0.60805125685179
2,97,0.6069008343769895,0.6069008343769895
2,98,0.6109208448536487,0.6109208448536487
2,99,0.6168309051523051,0.6168309051523051
2,100,0.6119294812635203,0.6119294812635203
2,101,0.6138062907634432,0.6138062907634432
2,102,0.6141132419126819,0.6141132419126819
2,103,0.6165531234755102,0.6165531234755102
2,104,0.6195518574985477,0.6195518574985477
2,105,0.6178034696637984,0.6178034696637984
2,106,0.6187414399692168,0.6187414399692168
2,107,0.6177458061864232,0.6177458061864232
2,108,0.6196416495514423,0.6196416495514423
2,109,0.6220844025496169,0.6220844025496169
2,110,0.6199275845298328,0.6199275845298328
2,111,0.6217519406193996,0.6217519406193996
2,112,0.623889398013949,0.623889398013949
2,113,0.6232252972104273,0.6232252972104273
2,114,0.6261443453749443,0.6261443453749443
2,115,0.623067957445403,0.623067957445403
2,116,0.6237857292090115,0.6237857292090115
2,117,0.6255788175692287,0.6255788175692287
2,118,0.6256439157610132,0.6256439157610132
2,119,0.6268595310634337,0.6268595310634337
2,120,0.6278541407937006,0.6278541407937006
2,121,0.6281668480905226,0.6281668480905226
2,122,0.6284787309835933,0.6284787309835933
2,123,0.6298180073620809,0.6298180073620809
2,124,0.6286462716678826,0.6286462716678826
2,125,0.6279753748915149,0.6279753748915149
2,126,0.6303174918455907,0.6303174918455907
2,127,0.629487644456935,0.629487644456935
2,128,0.631388022607537,0.631388022607537
2,129,0.6300496888282596,0.6300496888282596
2,130,0.6322777237841326,0.6322777237841326
2,131,0.6317434403154261,0.6317434403154261
2,132,0.631741330466321,0.631741330466321
2,133,0.6314727457776941,0.6314727457776941
2,134,0.6329098989988241,0.6329098989988241
2,135,0.6339211553312907,0.6339211553312907
2,136,0.6330291113421216,0.6330291113421216
2,137,0.6329276213779623,0.6329276213779623
2,138,0.6373049252880649,0.6373049252880649
2,139,0.6342095098608999,0.6342095098608999
2,140,0.634805472905865,0.634805472905865
2,141,0.6367066009770164,0.6367066009770164
2,142,0.6381520802619749,0.6381520802619749
2,143,0.6387668129252664,0.6387668129252664
2,144,0.6377635131826109,0.6377635131826109
2,145,0.6407454852572356,0.6407454852572356
2,146,0.6400189182169016,0.6400189182169016
2,147,0.638904151674679,0.638904151674679
2,148,0.64344418830731,0.64344418830731
2,149,0.646658368133152,0.646658368133152
2,150,0.6440473592094333,0.6440473592094333
2,151,0.6453626928109948,0.6453626928109948
2,152,0.6438132138992101,0.6438132138992101
2,153,0.6446464909776355,0.6446464909776355
2,154,0.6449350025352973,0.6449350025352973
2,155,0.6473432897789783,0.6473432897789783
2,156,0.6476018238566661,0.6476018238566661
2,157,0.6475764543410854,0.6475764543410854
2,158,0.648146319753721,0.648146319753721
2,159,0.6484104767610077,0.6484104767610077
2,160,0.6478321847451686,0.6478321847451686
2,161,0.6483283081729533,0.6483283081729533
2,162,0.6482738257196663,0.6482738257196663
2,163,0.6485542160346851,0.6485542160346851
2,164,0.6485762907256878,0.6485762907256878
2,165,0.6493647560185594,0.6493647560185594
2,166,0.6493654461988811,0.6493654461988811
2,167,0.6493405286642431,0.6493405286642431
2,168,0.6493790982783472,0.6493790982783472
2,169,0.6493577814662987,0.6493577814662987
2,170,0.649285746446177,0.649285746446177
2,171,0.6504233934377877,0.6504233934377877
2,172,0.6506320472462331,0.6506320472462331
2,173,0.6515819865685415,0.6515819865685415
2,174,0.6513357061829581,0.6513357061829581
2,175,0.6519159435110091,0.6519159435110091
2,176,0.6518379532449008,0.6518379532449008
2,177,0.6518288294300849,0.6518288294300849
2,178,0.6521525931762407,0.6521525931762407
2,179,0.6519848809063509,0.6519848809063509
2,180,0.6519877301268328,0.6519877301268328
2,181,0.6519818784351623,0.6519818784351623
2,182,0.6525526911599603,0.6525526911599603
2,183,0.652629746398358,0.652629746398358
2,184,0.6533503838745167,0.6533503838745167
2,185,0.6537453669710912,0.6537453669710912
2,186,0.6537707876084422,0.6537707876084422
2,187,0.654762893220044,0.654762893220044
2,188,0.6560258871449025,0.6560258871449025
2,189,0.6571889660356238,0.6571889660356238
2,190,0.65739558485183,0.65739558485183
3,1,0.22320579306377142,0.22320579306377142
3,2,0.23465512569901292,0.23465512569901292
3,3,0.40696871160168446,0.40696871160168446
3,4,0.4144098776905838,0.4144098776905838
3,5,0.4342916526750765,0.4342916526750765
3,6,0.5143910120457302,0.5143910120457302
3,7,0.5332069516692237,0.5332069516692237
3,8,0.5335522922308868,0.5335522922308868
3,9,0.5346393223522994,0.5346393223522994
3,10,0.5347424121926481,0.5347424121926481
3,11,0.5392897113378918,0.5392897113378918
3,12,0.5681785749893457,0.5681785749893457
3,13,0.5787229512760818,0.5787229512760818
3,14,0.58894682065986,0.58894682065986
3,15,0.589581741869459,0.589581741869459
3,16,0.5898938712489046,0.5898938712489046
3,17,0.5903329363938911,0.5903329363938911
3,18,0.5905632431132238,0.5905632431132238
3,19,0.6063522247078852,0.6063522247078852
3,20,0.6073339573495371,0.6073339573495371
3,21,0.6103470283647974,0.6103470283647974
3,22,0.614123267979325,0.614123267979325
3,23,0.6155552137494815,0.6155552137494815
3,24,0.6206720197280139,0.6206720197280139
3,25,0.6280340817283057,0.6280340817283057
3,26,0.6255855200006413,0.6255855200006413
3,27,0.6281698684554421,0.6281698684554421
3,28,0.6283088280878477,0.6283088280878477
3,29,0.6292311293850081,0.6292311293850081
3,30,0.6289212839990453,0.6289212839990453
3,31,0.6315599080286798,0.6315599080286798
3,32,0.6416861526181832,0.6416861526181832
3,33,0.6424148256000974,0.6424148256000974
3,34,0.6464124514231147,0.6464124514231147
3,35,0.6511079217788128,0.6511079217788128
3,36,0.6523886207776589,0.6523886207776589
3,37,0.6503432544556889,0.6503432544556889
3,38,0.6542456719387222,0.6542456719387222
3,39,0.6529784895471027,0.6529784895471027
3,40,0.657672079925486,0.657672079925486
3,41,0.6613743699972213,0.6613743699972213
3,42,0.6592964045226641,0.6592964045226641
3,43,0.6618142943058409,0.6618142943058409
3,44,0.6646313162530302,0.6646313162530302
3,45,0.6684532485137353,0.6684532485137353
3,46,0.6706441768643282,0.6706441768643282
3,47,0.6724835930409301,0.6724835930409301
3,48,0.6753966403376186,0.6753966403376186
3,49,0.6735118434705845,0.6735118434705845
3,50,0.6743528269772432,0.6743528269772432
3,51,0.6751672852745725,0.6751672852745725
3,52,0.6762812569953176,0.6762812569953176
3,53,0.6780095020424226,0.6780095020424226
3,54,0.6818921760096299,0.6818921760096299
3,55,0.6804658954503509,0.6804658954503509
3,56,0.6823456211728951,0.6823456211728951
3,57,0.6831133825577067,0.6831133825577067
3,58,0.6821124657545303,0.6821124657545303
3,59,0.6834116854588611,0.6834116854588611
3,60,0.6836062223914181,0.6836062223914181
3,61,0.6846914290737371,0.6846914290737371
3,62,0.6854943393239239,0.6854943393239239
3,63,0.6838689795361297,0.6838689795361297
3,64,0.6853688357036511,0.6853688357036511
3,65,0.6849604541323435,0.6849604541323435
3,66,0.6861280250252211,0.6861280250252211
3,67,0.6864372553652818,0.6864372553652818
3,68,0.6858963619731746,0.6858963619731746
3,69,0.6897333942160964,0.6897333942160964
3,70,0.6915369828350832,0.6915369828350832
3,71,0.6908328888102222,0.6908328888102222
3,72,0.6915950295110707,0.6915950295110707
3,73,0.6921131232058457,0.6921131232058457
3,74,0.6912607732616678,0.6912607732616678
3,75,0.6973597401478424,0.6973597401478424
3,76,0.6948467785224662,0.6948467785224662
3,77,0.6976577081416746,0.6976577081416746
3,78,0.6964261701044963,0.6964261701044963
3,79,0.6992391091016158,0.6992391091016158
3,80,0.6982191946227675,0.6982191946227675
3,81,0.7002688391114127,0.7002688391114127
3,82,0.7014896086771929,0.7014896086771929
3,83,0.7014922858598021,0.7014922858598021
3,84,0.7025813191564203,0.7025813191564203
3,85,0.6999260392554227,0.6999260392554227
3,86,0.7025531205166881,0.7025531205166881
3,87,0.7047935380082337,0.7047935380082337
3,88,0.7024917505356765,0.7024917505356765
3,89,0.7009893095695192,0.7009893095695192
3,90,0.7078290211798886,0.7078290211798886
3,91,0.7081989493063909,0.7081989493063909
3,92,0.7071958979216454,0.7071958979216454
3,93,0.7081951841112588,0.7081951841112588
3,94,0.7116619935658013,0.7116619935658013
3,95,0.7133667681295821,0.7133667681295821
3,96,0.7096604075213513,0.7096604075213513
3,97,0.706521863583002,0.706521863583002
3,98,0.7126659116818628,0.7126659116818628
3,99,0.7175625837368504,0.7175625837368504
3,100,0.7189017433662848,0.7189017433662848
3,101,0.7176684272116247,0.7176684272116247
3,102,0.7175481943899171,0.7175481943899171
3,103,0.7184301826634925,0.7184301826634925
3,104,0.7187332763484764,0.7187332763484764
3,105,0.7207496366610311,0.7207496366610311
3,106,0.7204119922665413,0.7204119922665413
3,107,0.719996474471096,0.719996474471096
3,108,0.7193524961774603,0.7193524961774603
3,109,0.719911580069744,0.719911580069744
3,110,0.7218602219634934,0.7218602219634934
3,111,0.7213102446365958,0.7213102446365958
3,112,0.7204077419970114,0.7204077419970114
3,113,0.7231525752668289,0.7231525752668289
3,114,0.724326139195175,0.724326139195175
3,115,0.7258298854878611,0.7258298854878611
3,116,0.7264601476144851,0.7264601476144851
3,117,0.7257776567068144,0.7257776567068144
3,118,0.7267511802823166,0.7267511802823166
3,119,0.7273408492894333,0.7273408492894333
3,120,0.7269993616100454,0.7269993616100454
3,121,0.728515692516003,0.728515692516003
3,122,0.7272373562014558,0.7272373562014558
3,123,0.7268081687915817,0.7268081687915817
3,124,0.7283415497303416,0.7283415497303416
3,125,0.728219654383208,0.728219654383208
3,126,0.7285209413104644,0.7285209413104644
3,127,0.7289172601336273,0.7289172601336273
3,128,0.7295670898246984,0.7295670898246984
3,129,0.7308335631447909,0.7308335631447909
3,130,0.729567821356268,0.729567821356268
3,131,0.7308250325518579,0.7308250325518579
3,132,0.732714779763009,0.732714779763009
3,133,0.7317341076478164,0.7317341076478164
3,134,0.7316234850413614,0.7316234850413614
3,135,0.7313930459756033,0.7313930459756033
3,136,0.7325575273558722,0.7325575273558722
3,137,0.7327318206392437,0.7327318206392437
3,138,0.7317143740290829,0.7317143740290829
3,139,0.732503587093416,0.732503587093416
3,140,0.7337366354124644,0.7337366354124644
3,141,0.7335415439333826,0.7335415439333826
3,142,0.734316829939188,0.734316829939188
3,143,0.7354716742337912,0.7354716742337912
3,144,0.7349549270467369,0.7349549270467369
3,145,0.7360385084066018,0.7360385084066018
3,146,0.7364338574109448,0.7364338574109448
3,147,0.7378026822815976,0.7378026822815976
3,148,0.736714504242018,0.736714504242018
3,149,0.7369745796590286,0.7369745796590286
3,150,0.7370331389396158,0.7370331389396158
3,151,0.7382746311428385,0.7382746311428385
3,152,0.7384698185148364,0.7384698185148364
3,153,0.7379690974742763,0.7379690974742763
3,154,0.7388774427472289,0.7388774427472289
3,155,0.7395718541466049,0.7395718541466049
3,156,0.7407322798687139,0.7407322798687139
3,157,0.7407210557352163,0.7407210557352163
3,158,0.7415292290935157,0.7415292290935157
3,159,0.7416666123059931,0.7416666123059931
3,160,0.7420494994618541,0.7420494994618541
3,161,0.742327647669063,0.742327647669063
3,162,0.7424396487316938,0.7424396487316938
3,163,0.7425275944757277,0.7425275944757277
3,164,0.7425452818455458,0.7425452818455458
3,165,0.7429958088974891,0.7429958088974891
3,166,0.7429628871922722,0.7429628871922722
3,167,0.7431276074417856,0.7431276074417856
3,168,0.7431185002816351,0.7431185002816351
3,169,0.7431373296917823,0.7431373296917823
3,170,0.7431724627779701,0.7431724627779701
3,171,0.7444817682652236,0.7444817682652236
3,172,0.7446575014060189,0.7446575014060189
3,173,0.7446515135450753,0.7446515135450753
3,174,0.7455386416018726,0.7455386416018726
3,175,0.7455486252618556,0.7455486252618556
3,176,0.745548023147299,0.745548023147299
3,177,0.7455679175631005,0.7455679175631005
3,178,0.7460692757497347,0.7460692757497347
3,179,0.7461525690603152,0.7461525690603152
3,180,0.7461303855116761,0.7461303855116761
3,181,0.7464462813558992,0.7464462813558992
3,182,0.7464842786121673,0.7464842786121673
3,183,0.7465183822104478,0.7465183822104478
3,184,0.7470112281030671,0.7470112281030671
3,185,0.7470320645890568,0.7470320645890568
3,186,0.7470111917342146,0.7470111917342146
3,187,0.7469903115910058,0.7469903115910058
3,188,0.7485121342396164,0.7485121342396164
3,189,0.7493173253113785,0.7493173253113785
3,190,0.7485058849024562,0.7485058849024562
4,1,0.21465438041861862,0.21465438041861862
4,2,0.22434616718039435,0.22434616718039435
4,3,0.3803191226949012,0.3803191226949012
4,4,0.38446180180176104,0.38446180180176104
4,5,0.4016191940418061,0.4016191940418061
4,6,0.4729587251235814,0.4729587251235814
4,7,0.4871769099728942,0.4871769099728942
4,8,0.4887364866027001,0.4887364866027001
4,9,0.48968741915726666,0.48968741915726666
4,10,0.48974508788607285,0.48974508788607285
4,11,0.49330146224445226,0.49330146224445226
4,12,0.5244220346779632,0.5244220346779632
4,13,0.5335906098714347,0.5335906098714347
4,14,0.5428676559454726,0.5428676559454726
4,15,0.54357819960107,0.54357819960107
4,16,0.5443434440867825,0.5443434440867825
4,17,0.544822697227148,0.544822697227148
4,18,0.5446790410006586,0.5446790410006586
4,19,0.5602677919726695,0.5602677919726695
4,20,0.5601820757824735,0.5601820757824735
4,21,0.5612302854743156,0.5612302854743156
4,22,0.565245263772405,0.565245263772405
4,23,0.5684086951933243,0.5684086951933243
4,24,0.5694774521869697,0.5694774521869697
4,25,0.5705103464869115,0.5705103464869115
4,26,0.5747697347864433,0.5747697347864433
4,27,0.578222119478385,0.578222119478385
4,28,0.578097562586213,0.578097562586213
4,29,0.5791073961027424,0.5791073961027424
4,30,0.5792006786251944,0.5792006786251944
4,31,0.5824835310587798,0.5824835310587798
4,32,0.586238979149138,0.586238979149138
4,33,0.5940705690990221,0.5940705690990221
4,34,0.5977627726697219,0.5977627726697219
4,35,0.5962802704369681,0.5962802704369681
4,36,0.5987844510161193,0.5987844510161193
4,37,0.5992329063912903,0.5992329063912903
4,38,0.6009315101165533,0.6009315101165533
4,39,0.5995767746288346,0.5995767746288346
4,40,0.6009632281325212,0.6009632281325212
4,41,0.6077255634696961,0.6077255634696961
4,42,0.6106550768442087,0.6106550768442087
4,43,0.6113816115211593,0.6113816115211593
4,44,0.6133801516518187,0.6133801516518187
4,45,0.6144433292538994,0.6144433292538994
4,46,0.6165383758142973,0.6165383758142973
4,47,0.6197481270001893,0.6197481270001893
4,48,0.6198931020076082,0.6198931020076082
4,49,0.6177428313070601,0.6177428313070601
4,50,0.6214941902114675,0.6214941902114675
4,51,0.6205151590242514,0.6205151590242514
4,52,0.6209150564943918,0.6209150564943918
4,53,0.62262557932616,0.62262557932616
4,54,0.6269043117790983,0.6269043117790983
4,55,0.6226241327350197,0.6226241327350197
4,56,0.6268435572199903,0.6268435572199903
4,57,0.6282498937442336,0.6282498937442336
4,58,0.6294557509857734,0.6294557509857734
4,59,0.628397936294669,0.628397936294669
4,60,0.627269909085933,0.627269909085933
4,61,0.6315517989949102,0.6315517989949102
4,62,0.6300028092154817,0.6300028092154817
4,63,0.6311020739307736,0.6311020739307736
4,64,0.6311843183671761,0.6311843183671761
4,65,0.6304731619531596,0.6304731619531596
4,66,0.6329462218715962,0.6329462218715962
4,67,0.630751157252095,0.630751157252095
4,68,0.6327742589837042,0.6327742589837042
4,69,0.6346838878540705,0.6346838878540705
4,70,0.6353041661508093,0.6353041661508093
4,71,0.6375591489852994,0.6375591489852994
4,72,0.6374789464256231,0.6374789464256231
4,73,0.6397719779037189,0.6397719779037189
4,74,0.6373637666197822,0.6373637666197822
4,75,0.6412359216495995,0.6412359216495995
4,76,0.6447109053714349,0.6447109053714349
4,77,0.6465334074021494,0.6465334074021494
4,78,0.647449873754808,0.647449873754808
4,79,0.6484609163577131,0.6484609163577131
4,80,0.6486500500165366,0.6486500500165366
4,81,0.6491181698117496,0.6491181698117496
4,82,0.6466983386951535,0.6466983386951535
4,83,0.650737560125997,0.650737560125997
4,84,0.6507266064323967,0.6507266064323967
4,85,0.6514284541760359,0.6514284541760359
4,86,0.6523008674339855,0.6523008674339855
4,87,0.6519820182092522,0.6519820182092522
4,88,0.6562291428212961,0.6562291428212961
4,89,0.6524451045923374,0.6524451045923374
4,90,0.65498192454655,0.65498192454655
4,91,0.656182055357079,0.656182055357079
4,92,0.6554507705812985,0.6554507705812985
4,93,0.656024141779773,0.656024141779773
4,94,0.6545290259277325,0.6545290259277325
4,95,0.6585065298937871,0.6585065298937871
4,96,0.6582198853972623,0.6582198853972623
4,97,0.6624063545660628,0.6624063545660628
4,98,0.6590351286040628,0.6590351286040628
4,99,0.6588111340653444,0.6588111340653444
4,100,0.6652019087076828,0.6652019087076828
4,101,0.6654432466977633,0.6654432466977633
4,102,0.6646209942812493,0.6646209942812493
4,103,0.6673558083972452,0.6673558083972452
4,104,0.6695626044493452,0.6695626044493452
4,105,0.6663182881029681,0.6663182881029681
4,106,0.6691218901965259,0.6691218901965259
4,107,0.6682345036589349,0.6682345036589349
4,108,0.6691502209422557,0.6691502209422557
4,109,0.6688765076688237,0.6688765076688237
4,110,0.669971719276804,0.669971719276804
4,111,0.6716814305340173,0.6716814305340173
4,112,0.6732749885124252,0.6732749885124252
4,113,0.673142565124573,0.673142565124573
4,114,0.6759161837660712,0.6759161837660712
4,115,0.6773762401104312,0.6773762401104312
4,116,0.6772837456848264,0.6772837456848264
4,117,0.6756282369191566,0.6756282369191566
4,118,0.676705909603212,0.676705909603212
4,119,0.6766461511884101,0.6766461511884101
4,120,0.6750441279026034,0.6750441279026034
4,121,0.6780678773388833,0.6780678773388833
4,122,0.6793542032934137,0.6793542032934137
4,123,0.6774302111490973,0.6774302111490973
4,124,0.6805118538096773,0.6805118538096773
4,125,0.6808250543608549,0.6808250543608549
4,126,0.6825192158260576,0.6825192158260576
4,127,0.6808555914481229,0.6808555914481229
4,128,0.6809106949206538,0.6809106949206538
4,129,0.6819168644212801,0.6819168644212801
4,130,0.6812662505228148,0.6812662505228148
4,131,0.6830986254916541,0.6830986254916541
4,132,0.6844035193802798,0.6844035193802798
4,133,0.6846830921429028,0.6846830921429028
4,134,0.6832708537207646,0.6832708537207646
4,135,0.6840359676944492,0.6840359676944492
4,136,0.6846254872900314,0.6846254872900314
4,137,0.6849266870611225,0.6849266870611225
4,138,0.6862277862568731,0.6862277862568731
4,139,0.686300922324648,0.686300922324648
4,140,0.6868749564531886,0.6868749564531886
4,141,0.6857342246550366,0.6857342246550366
4,142,0.6870887119268352,0.6870887119268352
4,143,0.6882661688648868,0.6882661688648868
4,144,0.689493755062419,0.689493755062419
4,145,0.6904306823514937,0.6904306823514937
4,146,0.6915954650841856,0.6915954650841856
4,147,0.6914820427087973,0.6914820427087973
4,148,0.6917711397226319,0.6917711397226319
4,149,0.6913157099104847,0.6913157099104847
4,150,0.6918536303846192,0.6918536303846192
4,151,0.6914034112903276,0.6914034112903276
4,152,0.6931958081916803,0.6931958081916803
4,153,0.6923050329934388,0.6923050329934388
4,154,0.6925095419239575,0.6925095419239575
4,155,0.6934734463407244,0.6934734463407244
4,156,0.6948165557143425,0.6948165557143425
4,157,0.6948246787119262,0.6948246787119262
4,158,0.695343022821536,0.695343022821536
4,159,0.6952952589912154,0.6952952589912154
4,160,0.6949996262951533,0.6949996262951533
4,161,0.69533154282003,0.69533154282003
4,162,0.6956492727850765,0.6956492727850765
4,163,0.695530611173768,0.695530611173768
4,164,0.6955517272612679,0.6955517272612679
4,165,0.6962102572991619,0.6962102572991619
4,166,0.6961378643527931,0.6961378643527931
4,167,0.6960421874193828,0.6960421874193828
4,168,0.6960444535239101,0.6960444535239101
4,169,0.6960489367951292,0.6960489367951292
4,170,0.6963455999796507,0.6963455999796507
4,171,0.6967160012786877,0.6967160012786877
4,172,0.6967032264748523,0.6967032264748523
4,173,0.6971110739536286,0.6971110739536286
4,174,0.6974998315012609,0.6974998315012609
4,175,0.6976495562994665,0.6976495562994665
4,176,0.6977297965935564,0.6977297965935564
4,177,0.697713929143174,0.697713929143174
4,178,0.6983223925480617,0.6983223925480617
4,179,0.6989279297548787,0.6989279297548787
4,180,0.6989842318597003,0.6989842318597003
4,181,0.6991581362706439,0.6991581362706439
4,182,0.6991154827488466,0.6991154827488466
4,183,0.6991264727136929,0.6991264727136929
4,184,0.6995445517010459,0.6995445517010459
4,185,0.6994485237834658,0.6994485237834658
4,186,0.6993733239920981,0.6993733239920981
4,187,0.6998172621815401,0.6998172621815401
4,188,0.7010541447108612,0.7010541447108612
4,189,0.700527699135197,0.700527699135197
4,190,0.7008448452275973,0.7008448452275973
5,1,0.1829205448733896,0.1829205448733896
5,2,0.1922958809007237,0.1922958809007237
5,3,0.33656181168083676,0.33656181168083676
5,4,0.34242061733913864,0.34242061733913864
5,5,0.362584493215077,0.362584493215077
5,6,0.423614962645289,0.423614962645289
5,7,0.44468363932132693,0.44468363932132693
5,8,0.4452507121569037,0.4452507121569037
5,9,0.44658270456028326,0.44658270456028326
5,10,0.44700973260605814,0.44700973260605814
5,11,0.44945549256980166,0.44945549256980166
5,12,0.4763904397230221,0.4763904397230221
5,13,0.48232678989278865,0.48232678989278865
5,14,0.48862535426789655,0.48862535426789655
5,15,0.4901583015370371,0.4901583015370371
5,16,0.49078562083392085,0.49078562083392085
5,17,0.49215173567124926,0.49215173567124926
5,18,0.492474135509257,0.492474135509257
5,19,0.504052672167435,0.504052672167435
5,20,0.50478930642336,0.50478930642336
5,21,0.5082716354943433,0.5082716354943433
5,22,0.5092194158498782,0.5092194158498782
5,23,0.5093720323109616,0.5093720323109616
5,24,0.5114427901905312,0.5114427901905312
5,25,0.518840258727528,0.518840258727528
5,26,0.5188786930194208,0.5188786930194208
5,27,0.517725430326818,0.517725430326818
5,28,0.5188003367965683,0.5188003367965683
5,29,0.5184131516772442,0.5184131516772442
5,30,0.5186891529829953,0.5186891529829953
5,31,0.5277932232893761,0.5277932232893761
5,32,0.5335128344525558,0.5335128344525558
5,33,0.5334024808668008,0.5334024808668008
5,34,0.5325447223016855,0.5325447223016855
5,35,0.5381537557018179,0.5381537557018179
5,36,0.5397756053963018,0.5397756053963018
5,37,0.5411279192549105,0.5411279192549105
5,38,0.5402111376251764,0.5402111376251764
5,39,0.5407892374347228,0.5407892374347228
5,40,0.5499093594850792,0.5499093594850792
5,41,0.545179803237541,0.545179803237541
5,42,0.5547734460173477,0.5547734460173477
5,43,0.5561878561977792,0.5561878561977792
5,44,0.5545786557485199,0.5545786557485199
5,45,0.5582914974308606,0.5582914974308606
5,46,0.558104070939571,0.558104070939571
5,47,0.5607446366411819,0.5607446366411819
5,48,0.5593050264418671,0.5593050264418671
5,49,0.5618708626146593,0.5618708626146593
5,50,0.5625233586340974,0.5625233586340974
5,51,0.5600388212229268,0.5600388212229268
5,52,0.5638476681063413,0.5638476681063413
5,53,0.5657510084842282,0.5657510084842282
5,54,0.5642947757057322,0.5642947757057322
5,55,0.5699031733818868,0.5699031733818868
5,56,0.5702072994074139,0.5702072994074139
5,57,0.5704523826799888,0.5704523826799888
5,58,0.5709491727705334,0.5709491727705334
5,59,0.5696002192863119,0.5696002192863119
5,60,0.5721441400169922,0.5721441400169922
5,61,0.5723938575611749,0.5723938575611749
5,62,0.575773451284808,0.575773451284808
5,63,0.5736943672175077,0.5736943672175077
5,64,0.5763086950596413,0.5763086950596413
5,65,0.5751822508529925,0.5751822508529925
5,66,0.575862884461491,0.575862884461491
5,67,0.5779925262457326,0.5779925262457326
5,68,0.5787811059058446,0.5787811059058446
5,69,0.5819094554154848,0.5819094554154848
5,70,0.5811846209567559,0.5811846209567559
5,71,0.5829144633274517,0.5829144633274517
5,72,0.5835529706919136,0.5835529706919136
5,73,0.5835902013496124,0.5835902013496124
5,74,0.5866067315199996,0.5866067315199996
5,75,0.5837494176078997,0.5837494176078997
5,76,0.5914679655493859,0.5914679655493859
5,77,0.5904840626153549,0.5904840626153549
5,78,0.589606433339011,0.589606433339011
5,79,0.5903805098055354,0.5903805098055354
5,80,0.5913608207004549,0.5913608207004549
5,81,0.594467461974317,0.594467461974317
5,82,0.5949535336502318,0.5949535336502318
5,83,0.5946665007159788,0.5946665007159788
5,84,0.5940533993524331,0.5940533993524331
5,85,0.5962496234204884,0.5962496234204884
5,86,0.5953224741387538,0.5953224741387538
5,87,0.5970274565099376,0.5970274565099376
5,88,0.5974401235891597,0.5974401235891597
5,89,0.6000733871762258,0.6000733871762258
5,90,0.5992512630208555,0.5992512630208555
5,91,0.5991839506403316,0.5991839506403316
5,92,0.6013201437372802,0.6013201437372802
5,93,0.6046175933973041,0.6046175933973041
5,94,0.6061435104168517,0.6061435104168517
5,95,0.6025779818853396,0.6025779818853396
5,96,0.6045879140680169,0.6045879140680169
5,97,0.6039957801428233,0.6039957801428233
5,98,0.6074175069345044,0.6074175069345044
5,99,0.6112687520547082,0.6112687520547082
5,100,0.6107345594554058,0.6107345594554058
5,101,0.6123862594738138,0.6123862594738138
5,102,0.6116823599386767,0.6116823599386767
5,103,0.615925127234096,0.615925127234096
5,104,0.6168990428242509,0.6168990428242509
5,105,0.6145258971445733,0.6145258971445733
5,106,0.6178226932926612,0.6178226932926612
5,107,0.6168445392015194,0.6168445392015194
5,108,0.6174526809214014,0.6174526809214014
5,109,0.6183139000978104,0.6183139000978104
5,110,0.6197614939588798,0.6197614939588798
5,111,0.6189461302138806,0.6189461302138806
5,112,0.6205139189549991,0.6205139189549991
5,113,0.6225633122590503,0.6225633122590503
5,114,0.6197520097198077,0.6197520097198077
5,115,0.6201591770904229,0.6201591770904229
5,116,0.6239819709894223,0.6239819709894223
5,117,0.6225601359070855,0.6225601359070855
5,118,0.6230492031689265,0.6230492031689265
5,119,0.6257753926038948,0.6257753926038948
5,120,0.6241273330556867,0.6241273330556867
5,121,0.6251651954854001,0.6251651954854001
5,122,0.6266466242215314,0.6266466242215314
5,123,0.6316934824573752,0.6316934824573752
5,124,0.6281714772178164,0.6281714772178164
5,125,0.6309971885401808,0.6309971885401808
5,126,0.6314980397371006,0.6314980397371006
5,127,0.6304692374286813,0.6304692374286813
5,128,0.6301991542064883,0.6301991542064883
5,129,0.6323930492542154,0.6323930492542154
5,130,0.631045177571138,0.631045177571138
5,131,0.6319003608659182,0.6319003608659182
5,132,0.6346785845555782,0.6346785845555782
5,133,0.6359786371258866,0.6359786371258866
5,134,0.6350266119047565,0.6350266119047565
5,135,0.6358174871308216,0.6358174871308216
5,136,0.6354385949450755,0.6354385949450755
5,137,0.6354235623892432,0.6354235623892432
5,138,0.6386055888038649,0.6386055888038649
5,139,0.6354216737249588,0.6354216737249588
5,140,0.6395360476634969,0.6395360476634969
5,141,0.639157356354813,0.639157356354813
5,142,0.6399079172766554,0.6399079172766554
5,143,0.6396277846601903,0.6396277846601903
5,144,0.6418621869894833,0.6418621869894833
5,145,0.642536570673689,0.642536570673689
5,146,0.645573705067708,0.645573705067708
5,147,0.6467020457600088,0.6467020457600088
5,148,0.6466731493635127,0.6466731493635127
5,149,0.6455899275215639,0.6455899275215639
5,150,0.6450012693239171,0.6450012693239171
5,151,0.645520806210292,0.645520806210292
5,152,0.6466179441438595,0.6466179441438595
5,153,0.6469398855175394,0.6469398855175394
5,154,0.647730607473153,0.647730607473153
5,155,0.6508165886388471,0.6508165886388471
5,156,0.651161704556497,0.651161704556497
5,157,0.6516714590668731,0.6516714590668731
5,158,0.6516694036502084,0.6516694036502084
5,159,0.6514959639605179,0.6514959639605179
5,160,0.6529816156392065,0.6529816156392065
5,161,0.6529276488654636,0.6529276488654636
5,162,0.653100965912842,0.653100965912842
5,163,0.6534300674191775,0.6534300674191775
5,164,0.653467677003404,0.653467677003404
5,165,0.6549659752850163,0.6549659752850163
5,166,0.6549685073380355,0.6549685073380355
5,167,0.6551164213980367,0.6551164213980367
5,168,0.6552785049311798,0.6552785049311798
5,169,0.6553239854204775,0.6553239854204775
5,170,0.6553379501930929,0.6553379501930929
5,171,0.6567784317287151,0.6567784317287151
5,172,0.6571896788016052,0.6571896788016052
5,173,0.6586174102103873,0.6586174102103873
5,174,0.6595264314065399,0.6595264314065399
5,175,0.6596946191221444,0.6596946191221444
5,176,0.659566844997855,0.659566844997855
5,177,0.6595622757743116,0.6595622757743116
5,178,0.6607638406463628,0.6607638406463628
5,179,0.661165141780493,0.661165141780493
5,180,0.6610995385073415,0.6610995385073415
5,181,0.661481610508988,0.661481610508988
5,182,0.6615553765366862,0.6615553765366862
5,183,0.6615497375147825,0.6615497375147825
5,184,0.6631144053899003,0.6631144053899003
5,185,0.6634552597892465,0.6634552597892465
5,186,0.6634614855801452,0.6634614855801452
5,187,0.6639893532172112,0.6639893532172112
5,188,0.6663549727499103,0.6663549727499103
5,189,0.6669422155529665,0.6669422155529665
5,190,0.6678443323927996,0.6678443323927996
