fold,dim,variance,r2
1,1,0.18601444422019275,0.18601444422019275
1,2,0.1917027188310767,0.1917027188310767
1,3,0.34806972479516063,0.34806972479516063
1,4,0.35373435445690327,0.35373435445690327
1,5,0.37397408443805424,0.37397408443805424
1,6,0.4368951014330502,0.4368951014330502
1,7,0.45247141605749963,0.45247141605749963
1,8,0.45283634107444815,0.45283634107444815
1,9,0.45396702651050647,0.45396702651050647
1,10,0.45437910319035013,0.45437910319035013
1,11,0.4587556808611195,0.4587556808611195
1,12,0.48844651007537143,0.48844651007537143
1,13,0.4939601543973635,0.4939601543973635
1,14,0.5009658679754485,0.5009658679754485
1,15,0.501430017889122,0.501430017889122
1,16,0.5019541038924359,0.5019541038924359
1,17,0.5034114406525114,0.5034114406525114
1,18,0.5037557349056985,0.5037557349056985
1,19,0.5173346591286434,0.5173346591286434
1,20,0.5178402477116608,0.5178402477116608
1,21,0.5218291502270219,0.5218291502270219
1,22,0.5255664876333339,0.5255664876333339
1,23,0.5268787926589011,0.5268787926589011
1,24,0.5306896665329606,0.5306896665329606
1,25,0.5350021690878835,0.5350021690878835
1,26,0.5383474354849178,0.5383474354849178
1,27,0.5368965609849167,0.5368965609849167
1,28,0.5399886940949035,0.5399886940949035
1,29,0.5402775992984644,0.5402775992984644
1,30,0.5409057833377908,0.5409057833377908
1,31,0.549520360936395,0.549520360936395
1,32,0.5551805117343742,0.5551805117343742
1,33,0.5568204900648661,0.5568204900648661
1,34,0.5561607466536378,0.5561607466536378
1,35,0.5646412945393522,0.5646412945393522
1,36,0.5645184189835527,0.5645184189835527
1,37,0.5644870354987679,0.5644870354987679
1,38,0.5657905573789965,0.5657905573789965
1,39,0.5676456944710377,0.5676456944710377
1,40,0.5717451312427797,0.5717451312427797
1,41,0.5735693216704773,0.5735693216704773
1,42,0.5707679465664974,0.5707679465664974
1,43,0.577796334499727,0.577796334499727
1,44,0.5771004294123213,0.5771004294123213
1,45,0.581263757546824,0.581263757546824
1,46,0.5795687456061713,0.5795687456061713
1,47,0.5868918241897906,0.5868918241897906
1,48,0.5819333445844932,0.5819333445844932
1,49,0.5852478217182151,0.5852478217182151
1,50,0.58670488067885,0.58670488067885
1,51,0.5856754298003992,0.5856754298003992
1,52,0.5872302000792795,0.5872302000792795
1,53,0.5880237288919725,0.5880237288919725
1,54,0.590317725854414,0.590317725854414
1,55,0.5925955640683227,0.5925955640683227
1,56,0.5901619524455609,0.5901619524455609
1,57,0.5925899347843417,0.5925899347843417
1,58,0.5920102588371035,0.5920102588371035
1,59,0.5945231186643265,0.5945231186643265
1,60,0.5939791412181031,0.5939791412181031
1,61,0.5965860364550033,0.5965860364550033
1,62,0.5968706721196635,0.5968706721196635
1,63,0.5979065403630834,0.5979065403630834
1,64,0.5956792673410801,0.5956792673410801
1,65,0.5970187837038936,0.5970187837038936
1,66,0.597889996554549,0.597889996554549
1,67,0.5981312649632629,0.5981312649632629
1,68,0.5987504815370892,0.5987504815370892
1,69,0.601127605141266,0.601127605141266
1,70,0.5986793222640611,0.5986793222640611
1,71,0.6048380230642278,0.6048380230642278
1,72,0.605579114477592,0.605579114477592
1,73,0.6074376977310549,0.6074376977310549
1,74,0.6061063700342406,0.6061063700342406
1,75,0.6144351492779975,0.6144351492779975
1,76,0.6125730983445659,0.6125730983445659
1,77,0.614743088214567,0.614743088214567
1,78,0.6142946998698968,0.6142946998698968
1,79,0.6152079545212211,0.6152079545212211
1,80,0.6180181009106629,0.6180181009106629
1,81,0.618413623960981,0.618413623960981
1,82,0.6160825188002512,0.6160825188002512
1,83,0.6181342270456763,0.6181342270456763
1,84,0.6197719298724876,0.6197719298724876
1,85,0.6191537514188584,0.6191537514188584
1,86,0.6200123646026933,0.6200123646026933
1,87,0.6231977730861648,0.6231977730861648
1,88,0.6219315965816344,0.6219315965816344
1,89,0.6229342300479845,0.6229342300479845
1,90,0.6241956327340012,0.6241956327340012
1,91,0.6220715440328481,0.6220715440328481
1,92,0.6231873132474623,0.6231873132474623
1,93,0.6253197729755902,0.6253197729755902
1,94,0.6305866586684024,0.6305866586684024
1,95,0.6322874736079087,0.6322874736079087
1,96,0.629077126697178,0.629077126697178
1,97,0.6325782888984807,0.6325782888984807
1,98,0.631113007101389,0.631113007101389
1,99,0.6353433608168244,0.6353433608168244
1,100,0.639465739699786,0.639465739699786
1,101,0.6388972392513541,0.6388972392513541
1,102,0.6351770088612585,0.6351770088612585
1,103,0.6398159235826789,0.6398159235826789
1,104,0.6427034440993983,0.6427034440993983
1,105,0.6406132806106769,0.6406132806106769
1,106,0.6409858778307613,0.6409858778307613
1,107,0.6422194045885684,0.6422194045885684
1,108,0.6411279850249341,0.6411279850249341
1,109,0.6423900949908863,0.6423900949908863
1,110,0.643681117502461,0.643681117502461
1,111,0.6434979237580034,0.6434979237580034
1,112,0.6457458002111427,0.6457458002111427
1,113,0.6415544099545916,0.6415544099545916
1,114,0.6467319334201609,0.6467319334201609
1,115,0.6471991759879786,0.6471991759879786
1,116,0.6471942320113266,0.6471942320113266
1,117,0.6456144995131731,0.6456144995131731
1,118,0.6491173411240432,0.6491173411240432
1,119,0.6473632447946329,0.6473632447946329
1,120,0.6505128127654962,0.6505128127654962
1,121,0.6499279975177115,0.6499279975177115
1,122,0.6499075349174945,0.6499075349174945
1,123,0.651838190037845,0.651838190037845
1,124,0.6501350406506067,0.6501350406506067
1,125,0.6518328469929641,0.6518328469929641
1,126,0.6520891471912558,0.6520891471912558
1,127,0.6519185032061315,0.6519185032061315
1,128,0.6509681800879545,0.6509681800879545
1,129,0.653409231969674,0.653409231969674
1,130,0.6540337106037712,0.6540337106037712
1,131,0.6530739816559926,0.6530739816559926
1,132,0.6530592968379877,0.6530592968379877
1,133,0.6550507112245433,0.6550507112245433
1,134,0.6552258178571229,0.6552258178571229
1,135,0.656154654948118,0.656154654948118
1,136,0.655028892453565,0.655028892453565
1,137,0.6556451738999411,0.6556451738999411
1,138,0.6565421017369166,0.6565421017369166
1,139,0.6562015147214786,0.6562015147214786
1,140,0.6587021385849406,0.6587021385849406
1,141,0.6599118776776358,0.6599118776776358
1,142,0.6592855056674516,0.6592855056674516
1,143,0.6616112107508018,0.6616112107508018
1,144,0.6608097509705186,0.6608097509705186
1,145,0.6617235456771063,0.6617235456771063
1,146,0.6633181495761276,0.6633181495761276
1,147,0.6640690547787875,0.6640690547787875
1,148,0.6638730325187047,0.6638730325187047
1,149,0.664559495032381,0.664559495032381
1,150,0.6642106928339153,0.6642106928339153
1,151,0.6661786172438764,0.6661786172438764
1,152,0.664826064182904,0.664826064182904
1,153,0.6670527363333723,0.6670527363333723
1,154,0.6672033916353799,0.6672033916353799
1,155,0.6699302570157868,0.6699302570157868
1,156,0.6702798593157138,0.6702798593157138
1,157,0.6706260246793682,0.6706260246793682
1,158,0.6717190149270916,0.6717190149270916
1,159,0.6719547244478703,0.6719547244478703
1,160,0.6726003829901684,0.6726003829901684
1,161,0.6725088516656696,0.6725088516656696
1,162,0.6727618185132794,0.6727618185132794
1,163,0.6727249362299877,0.6727249362299877
1,164,0.6729944649871207,0.6729944649871207
1,165,0.6740781706264328,0.6740781706264328
1,166,0.6740887624435388,0.6740887624435388
1,167,0.6740390753744481,0.6740390753744481
1,168,0.6741544455138451,0.6741544455138451
1,169,0.6741603972655845,0.6741603972655845
1,170,0.6742334965449339,0.6742334965449339
1,171,0.6766108214711474,0.6766108214711474
1,172,0.6775381230788986,0.6775381230788986
1,173,0.6788314083075317,0.6788314083075317
1,174,0.6781995284254572,0.6781995284254572
1,175,0.6781925681805023,0.6781925681805023
1,176,0.6782389153003597,0.6782389153003597
1,177,0.6782226730410298,0.6782226730410298
1,178,0.6787402033724413,0.6787402033724413
1,179,0.6792700539443933,0.6792700539443933
1,180,0.6793703256116438,0.6793703256116438
1,181,0.6796034792214329,0.6796034792214329
1,182,0.6806069070832377,0.6806069070832377
1,183,0.6809650814003858,0.6809650814003858
1,184,0.6817470363094195,0.6817470363094195
1,185,0.6818921029420139,0.6818921029420139
1,186,0.6818984270137987,0.6818984270137987
1,187,0.6821902214815545,0.6821902214815545
1,188,0.6836919280772822,0.6836919280772822
1,189,0.6841777697807513,0.6841777697807513
1,190,0.683916785679906,0.683916785679906
2,1,0.17534744225893617,0.17534744225893617
2,2,0.18627576284267633,0.18627576284267633
2,3,0.3043354448690061,0.3043354448690061
2,4,0.30869486263833334,0.30869486263833334
2,5,0.32598567295334935,0.32598567295334935
2,6,0.3877294148645588,0.3877294148645588
2,7,0.398964950146682,0.398964950146682
2,8,0.3997647556043259,0.3997647556043259
2,9,0.40206937592936964,0.40206937592936964
2,10,0.40234320210283814,0.40234320210283814
2,11,0.40570542092142303,0.40570542092142303
2,12,0.43284538088760605,0.43284538088760605
2,13,0.440412025081496,0.440412025081496
2,14,0.4457135609666111,0.4457135609666111
2,15,0.4459818622394439,0.4459818622394439
2,16,0.4459477074125703,0.4459477074125703
2,17,0.44732796905089434,0.44732796905089434
2,18,0.4471567160722911,0.4471567160722911
2,19,0.46016080267834814,0.46016080267834814
2,20,0.4595172288796291,0.4595172288796291
2,21,0.46085430637386093,0.46085430637386093
2,22,0.4614068759480574,0.4614068759480574
2,23,0.4640705322916936,0.4640705322916936
2,24,0.4668116367203696,0.4668116367203696
2,25,0.4693662502698531,0.4693662502698531
2,26,0.4735619108788788,0.4735619108788788
2,27,0.47350602558212307,0.47350602558212307
2,28,0.472673804018346,0.472673804018346
2,29,0.4728178340955801,0.4728178340955801
2,30,0.47408599852094746,0.47408599852094746
2,31,0.4785399027921252,0.4785399027921252
2,32,0.48303409631945315,0.48303409631945315
2,33,0.48528559972180385,0.48528559972180385
2,34,0.4841819767234318,0.4841819767234318
2,35,0.4918619743748508,0.4918619743748508
2,36,0.4939498557088079,0.4939498557088079
2,37,0.4924779207056109,0.4924779207056109
2,38,0.4957461513457949,0.4957461513457949
2,39,0.4998252907936883,0.4998252907936883
2,40,0.49956826218693384,0.49956826218693384
2,41,0.5026757476434024,0.5026757476434024
2,42,0.5020350675619445,0.5020350675619445
2,43,0.5063920273236046,0.5063920273236046
2,44,0.507837307863535,0.507837307863535
2,45,0.5071654452260099,0.5071654452260099
2,46,0.5077985985492411,0.5077985985492411
2,47,0.5129812942294483,0.5129812942294483
2,48,0.510697918199968,0.510697918199968
2,49,0.5090393735972467,0.5090393735972467
2,50,0.5126603352190333,0.5126603352190333
2,51,0.5148520827994811,0.5148520827994811
2,52,0.5186452500929665,0.5186452500929665
2,53,0.5203789077041288,0.5203789077041288
2,54,0.519672588039451,0.519672588039451
2,55,0.5215594637527032,0.5215594637527032
2,56,0.521459705194385,0.521459705194385
2,57,0.5212576442065127,0.5212576442065127
2,58,0.5215917508092537,0.5215917508092537
2,59,0.521746122593991,0.521746122593991
2,60,0.5223003467760163,0.5223003467760163
2,61,0.5223486240169191,0.5223486240169191
2,62,0.5229230108513749,0.5229230108513749
2,63,0.5223957198921068,0.5223957198921068
2,64,0.523955547397995,0.523955547397995
2,65,0.5242757851616104,0.5242757851616104
2,66,0.5230673481521155,0.5230673481521155
2,67,0.5235255825031029,0.5235255825031029
2,68,0.5269163177527652,0.5269163177527652
2,69,0.5295898663029229,0.5295898663029229
2,70,0.5263109776711978,0.5263109776711978
2,71,0.5317429678267984,0.5317429678267984
2,72,0.5335183939943327,0.5335183939943327
2,73,0.5300618954758258,0.5300618954758258
2,74,0.534785170119354,0.534785170119354
2,75,0.5414736628999286,0.5414736628999286
2,76,0.5430693223439713,0.5430693223439713
2,77,0.5440607897332814,0.5440607897332814
2,78,0.5429905530510806,0.5429905530510806
2,79,0.5432397507325544,0.5432397507325544
2,80,0.5437297455753993,0.5437297455753993
2,81,0.5441834417314059,0.5441834417314059
2,82,0.5415443325131197,0.5415443325131197
2,83,0.5431397822047646,0.5431397822047646
2,84,0.5466050354019374,0.5466050354019374
2,85,0.5454630634259787,0.5454630634259787
2,86,0.5454208032920981,0.5454208032920981
2,87,0.5470309953442365,0.5470309953442365
2,88,0.5472383214783977,0.5472383214783977
2,89,0.546881430205212,0.546881430205212
2,90,0.5493928000425758,0.5493928000425758
2,91,0.5478214784808192,0.5478214784808192
2,92,0.5496832203640535,0.5496832203640535
2,93,0.5489545792957097,0.5489545792957097
2,94,0.553727730625017,0.553727730625017
2,95,0.5512501160495327,0.5512501160495327
2,96,0.5532808326527725,0.5532808326527725
2,97,0.5561348087014615,0.5561348087014615
2,98,0.5558360126730924,0.5558360126730924
2,99,0.5607233122752353,0.5607233122752353
2,100,0.56358616802426,0.56358616802426
2,101,0.5624710725582338,0.5624710725582338
2,102,0.5635939948559221,0.5635939948559221
2,103,0.56654634006616,0.56654634006616
2,104,0.5646777059615754,0.5646777059615754
2,105,0.5623792970002992,0.5623792970002992
2,106,0.5655161550865446,0.5655161550865446
2,107,0.5681369680068231,0.5681369680068231
2,108,0.5658797888221327,0.5658797888221327
2,109,0.5644722662446984,0.5644722662446984
2,110,0.5689778995458039,0.5689778995458039
2,111,0.5692011423458335,0.5692011423458335
2,112,0.5710349952002007,0.5710349952002007
2,113,0.5710354516073289,0.5710354516073289
2,114,0.5707469474493663,0.5707469474493663
2,115,0.5704212935610689,0.5704212935610689
2,116,0.5697821600063264,0.5697821600063264
2,117,0.5712636463351282,0.5712636463351282
2,118,0.5709229421106878,0.5709229421106878
2,119,0.5741365444847025,0.5741365444847025
2,120,0.5718733981624983,0.5718733981624983
2,121,0.5753292045483245,0.5753292045483245
2,122,0.5746697602148141,0.5746697602148141
2,123,0.5767856614852396,0.5767856614852396
2,124,0.574487849256355,0.574487849256355
2,125,0.5761917763918977,0.5761917763918977
2,126,0.5778943334897884,0.5778943334897884
2,127,0.5777229421203697,0.5777229421203697
2,128,0.5773659859386657,0.5773659859386657
2,129,0.5777050518608104,0.5777050518608104
2,130,0.5792367431424971,0.5792367431424971
2,131,0.5795886393698036,0.5795886393698036
2,132,0.5770489472801611,0.5770489472801611
2,133,0.5812673413075986,0.5812673413075986
2,134,0.5808736987476288,0.5808736987476288
2,135,0.5821188980768647,0.5821188980768647
2,136,0.5796353303928368,0.5796353303928368
2,137,0.5813606584252637,0.5813606584252637
2,138,0.5826013455192407,0.5826013455192407
2,139,0.5843589787826797,0.5843589787826797
2,140,0.581189278321544,0.581189278321544
2,141,0.5824828992127331,0.5824828992127331
2,142,0.5853490661608947,0.5853490661608947
2,143,0.5859934984525106,0.5859934984525106
2,144,0.5836150148295003,0.5836150148295003
2,145,0.5858978958052733,0.5858978958052733
2,146,0.5881913910580436,0.5881913910580436
2,147,0.5878962955639178,0.5878962955639178
2,148,0.5894480720275086,0.5894480720275086
2,149,0.5871834623604539,0.5871834623604539
2,150,0.5892738936563262,0.5892738936563262
2,151,0.5905380947295242,0.5905380947295242
2,152,0.5917607753774674,0.5917607753774674
2,153,0.5920449905335632,0.5920449905335632
2,154,0.5936171612089243,0.5936171612089243
2,155,0.5950391709646158,0.5950391709646158
2,156,0.5962187358439793,0.5962187358439793
2,157,0.5962429889471559,0.5962429889471559
2,158,0.5962289174481079,0.5962289174481079
2,159,0.59620728700967,0.59620728700967
2,160,0.5960950862320105,0.5960950862320105
2,161,0.5970351740119393,0.5970351740119393
2,162,0.5974004993145117,0.5974004993145117
2,163,0.5973879239560616,0.5973879239560616
2,164,0.5974177265785989,0.5974177265785989
2,165,0.5979190124624671,0.5979190124624671
2,166,0.5980876300007478,0.5980876300007478
2,167,0.598015999805081,0.598015999805081
2,168,0.5978937063379928,0.5978937063379928
2,169,0.5979065978138893,0.5979065978138893
2,170,0.598668030881947,0.598668030881947
2,171,0.5995610126060344,0.5995610126060344
2,172,0.5999140815463825,0.5999140815463825
2,173,0.6002454738746725,0.6002454738746725
2,174,0.6011475494117808,0.6011475494117808
2,175,0.6013374391374866,0.6013374391374866
2,176,0.6015315023598666,0.6015315023598666
2,177,0.6015551607689094,0.6015551607689094
2,178,0.6034870283538335,0.6034870283538335
2,179,0.6034843886076648,0.6034843886076648
2,180,0.6033995529432239,0.6033995529432239
2,181,0.6028317085814364,0.6028317085814364
2,182,0.6030030806185316,0.6030030806185316
2,183,0.6030039397026283,0.6030039397026283
2,184,0.60340053286643,0.60340053286643
2,185,0.6042532583361196,0.6042532583361196
2,186,0.6042979045980174,0.6042979045980174
2,187,0.6044307615255722,0.6044307615255722
2,188,0.6069406876989998,0.6069406876989998
2,189,0.6091884745410014,0.6091884745410014
2,190,0.6092841821322522,0.6092841821322522
3,1,0.21259491639661243,0.21259491639661243
3,2,0.2228143240413144,0.2228143240413144
3,3,0.40927865486113224,0.40927865486113224
3,4,0.414500333020149,0.414500333020149
3,5,0.4362220316077111,0.4362220316077111
3,6,0.519895681263362,0.519895681263362
3,7,0.5413698415707784,0.5413698415707784
3,8,0.5413455044972255,0.5413455044972255
3,9,0.5408541853075849,0.5408541853075849
3,10,0.541196392032224,0.541196392032224
3,11,0.5466308804561155,0.5466308804561155
3,12,0.5762755797036574,0.5762755797036574
3,13,0.5826416765223662,0.5826416765223662
3,14,0.5972849788070407,0.5972849788070407
3,15,0.5977692996627764,0.5977692996627764
3,16,0.5990472666588822,0.5990472666588822
3,17,0.598569850525006,0.598569850525006
3,18,0.5997487221212185,0.5997487221212185
3,19,0.6170726645395039,0.6170726645395039
3,20,0.6167994127682728,0.6167994127682728
3,21,0.6200052088331103,0.6200052088331103
3,22,0.6245188751983485,0.6245188751983485
3,23,0.6222308606441006,0.6222308606441006
3,24,0.6297322980217985,0.6297322980217985
3,25,0.628332962228984,0.628332962228984
3,26,0.6358994824472435,0.6358994824472435
3,27,0.6358697639180865,0.6358697639180865
3,28,0.6367094454982113,0.6367094454982113
3,29,0.6369103836897076,0.6369103836897076
3,30,0.6381749315656371,0.6381749315656371
3,31,0.6395670930928845,0.6395670930928845
3,32,0.6511564072561453,0.6511564072561453
3,33,0.6521847673215856,0.6521847673215856
3,34,0.6569782013671653,0.6569782013671653
3,35,0.6582392094194109,0.6582392094194109
3,36,0.658310435319595,0.658310435319595
3,37,0.6595548867971188,0.6595548867971188
3,38,0.6626912685177132,0.6626912685177132
3,39,0.6656049485341393,0.6656049485341393
3,40,0.6625788227711782,0.6625788227711782
3,41,0.6735155617198543,0.6735155617198543
3,42,0.6737032087487287,0.6737032087487287
3,43,0.6785276590621865,0.6785276590621865
3,44,0.6777671153254406,0.6777671153254406
3,45,0.6800331529914447,0.6800331529914447
3,46,0.6803432897740466,0.6803432897740466
3,47,0.6829767758917741,0.6829767758917741
3,48,0.6829243194022292,0.6829243194022292
3,49,0.6820083930382728,0.6820083930382728
3,50,0.6832615483819897,0.6832615483819897
3,51,0.683391526412547,0.683391526412547
3,52,0.6841975869035555,0.6841975869035555
3,53,0.688376787170268,0.688376787170268
3,54,0.6899722041658458,0.6899722041658458
3,55,0.6900288241520702,0.6900288241520702
3,56,0.6910095153024809,0.6910095153024809
3,57,0.6878784758073762,0.6878784758073762
3,58,0.6924898252557414,0.6924898252557414
3,59,0.6929452925786469,0.6929452925786469
3,60,0.6924209521809187,0.6924209521809187
3,61,0.6940589282912264,0.6940589282912264
3,62,0.6951561638110997,0.6951561638110997
3,63,0.6924639047402434,0.6924639047402434
3,64,0.6964156857964645,0.6964156857964645
3,65,0.6969491970610752,0.6969491970610752
3,66,0.6956490813254645,0.6956490813254645
3,67,0.6969339790156709,0.6969339790156709
3,68,0.7015777397876742,0.7015777397876742
3,69,0.6968921886191546,0.6968921886191546
3,70,0.7016161959546988,0.7016161959546988
3,71,0.700398242780161,0.700398242780161
3,72,0.7020481541414354,0.7020481541414354
3,73,0.7022538142389692,0.7022538142389692
3,74,0.7006288467995563,0.7006288467995563
3,75,0.7049551860103365,0.7049551860103365
3,76,0.7100534606523138,0.7100534606523138
3,77,0.7125050213622868,0.7125050213622868
3,78,0.7093361929591776,0.7093361929591776
3,79,0.7103904248581393,0.7103904248581393
3,80,0.7157804424180441,0.7157804424180441
3,81,0.7133395439621438,0.7133395439621438
3,82,0.712911088890654,0.712911088890654
3,83,0.7168514836533779,0.7168514836533779
3,84,0.7154041412795948,0.7154041412795948
3,85,0.7151953869876688,0.7151953869876688
3,86,0.7175122585850764,0.7175122585850764
3,87,0.7206871702482758,0.7206871702482758
3,88,0.7140050066107976,0.7140050066107976
3,89,0.7157546439740408,0.7157546439740408
3,90,0.720163163193722,0.720163163193722
3,91,0.7180248796419366,0.7180248796419366
3,92,0.7193363955918566,0.7193363955918566
3,93,0.7192283016527232,0.7192283016527232
3,94,0.7299169846212532,0.7299169846212532
3,95,0.7246687270154573,0.7246687270154573
3,96,0.7283063924827122,0.7283063924827122
3,97,0.7264212898381496,0.7264212898381496
3,98,0.7289402061349,0.7289402061349
3,99,0.730753527182854,0.730753527182854
3,100,0.7320179758717816,0.7320179758717816
3,101,0.7352649188000352,0.7352649188000352
3,102,0.731572926549056,0.731572926549056
3,103,0.7344117274063363,0.7344117274063363
3,104,0.7356773441648856,0.7356773441648856
3,105,0.7349522335265742,0.7349522335265742
3,106,0.7413698296409317,0.7413698296409317
3,107,0.7389237485998651,0.7389237485998651
3,108,0.7357693955514717,0.7357693955514717
3,109,0.7355514056870593,0.7355514056870593
3,110,0.7384410628738622,0.7384410628738622
3,111,0.7382922587458741,0.7382922587458741
3,112,0.7369925582932205,0.7369925582932205
3,113,0.7384965474685576,0.7384965474685576
3,114,0.7389918913318017,0.7389918913318017
3,115,0.7389124297673393,0.7389124297673393
3,116,0.7412970406617885,0.7412970406617885
3,117,0.7414607377288458,0.7414607377288458
3,118,0.7434698979831046,0.7434698979831046
3,119,0.7427473085594611,0.7427473085594611
3,120,0.7468991508458476,0.7468991508458476
3,121,0.7467151982675723,0.7467151982675723
3,122,0.747131015566169,0.747131015566169
3,123,0.7461445973355688,0.7461445973355688
3,124,0.7462442405026635,0.7462442405026635
3,125,0.746111953973611,0.746111953973611
3,126,0.7470008459134728,0.7470008459134728
3,127,0.7473032133995758,0.7473032133995758
3,128,0.7468722439912908,0.7468722439912908
3,129,0.7478843676426068,0.7478843676426068
3,130,0.7494281050554985,0.7494281050554985
3,131,0.7475865725120956,0.7475865725120956
3,132,0.747830448194424,0.747830448194424
3,133,0.7492113660924669,0.7492113660924669
3,134,0.749884271758051,0.749884271758051
3,135,0.7501279695640208,0.7501279695640208
3,136,0.7502303782032863,0.7502303782032863
3,137,0.7503615157050151,0.7503615157050151
3,138,0.7515591205748431,0.7515591205748431
3,139,0.7514073257700193,0.7514073257700193
3,140,0.7527106560804483,0.7527106560804483
3,141,0.7509655969252321,0.7509655969252321
3,142,0.7519018611804189,0.7519018611804189
3,143,0.7535418105424927,0.7535418105424927
3,144,0.7532664839041174,0.7532664839041174
3,145,0.7579670208569608,0.7579670208569608
3,146,0.7588251823682397,0.7588251823682397
3,147,0.7580402864375004,0.7580402864375004
3,148,0.7558001197797087,0.7558001197797087
3,149,0.7586978818415681,0.7586978818415681
3,150,0.7568342232127627,0.7568342232127627
3,151,0.7584784474232762,0.7584784474232762
3,152,0.7567898925338983,0.7567898925338983
3,153,0.7593395817595492,0.7593395817595492
3,154,0.7590171637366683,0.7590171637366683
3,155,0.7596351376600899,0.7596351376600899
3,156,0.7620202542379059,0.7620202542379059
3,157,0.7617910108664995,0.7617910108664995
3,158,0.7621208018624125,0.7621208018624125
3,159,0.7621500722223165,0.7621500722223165
3,160,0.7631733147026145,0.7631733147026145
3,161,0.7630299640302245,0.7630299640302245
3,162,0.7636108913318008,0.7636108913318008
3,163,0.7634562340930074,0.7634562340930074
3,164,0.7634086428017112,0.7634086428017112
3,165,0.7645104156177708,0.7645104156177708
3,166,0.7645781526170498,0.7645781526170498
3,167,0.7643437002220257,0.7643437002220257
3,168,0.7643387434896377,0.7643387434896377
3,169,0.7643325454491665,0.7643325454491665
3,170,0.7644645587537345,0.7644645587537345
3,171,0.7652980318427863,0.7652980318427863
3,172,0.7651792091537135,0.7651792091537135
3,173,0.7662628796782579,0.7662628796782579
3,174,0.7661534151095653,0.7661534151095653
3,175,0.7664989957864556,0.7664989957864556
3,176,0.7665071428190509,0.7665071428190509
3,177,0.7664718814481188,0.7664718814481188
3,178,0.7674878625736451,0.7674878625736451
3,179,0.7674068058148551,0.7674068058148551
3,180,0.7674018363017491,0.7674018363017491
3,181,0.7674182738978067,0.7674182738978067
3,182,0.7677437590405599,0.7677437590405599
3,183,0.7677425525244533,0.7677425525244533
3,184,0.768875607039901,0.768875607039901
3,185,0.7691072685815665,0.7691072685815665
3,186,0.7691078999398219,0.7691078999398219
3,187,0.7696959740462773,0.7696959740462773
3,188,0.7721995975000984,0.7721995975000984
3,189,0.7716500165729955,0.7716500165729955
3,190,0.7718308332253365,0.7718308332253365
4,1,0.18531226341087637,0.18531226341087637
4,2,0.19341187433860452,0.19341187433860452
4,3,0.36383082045301696,0.36383082045301696
4,4,0.3737581474584819,0.3737581474584819
4,5,0.3892222372476919,0.3892222372476919
4,6,0.46723605243296895,0.46723605243296895
4,7,0.49202825844958564,0.49202825844958564
4,8,0.4930656053311073,0.4930656053311073
4,9,0.4945717900412804,0.4945717900412804
4,10,0.49442299379503407,0.49442299379503407
4,11,0.4977940719028039,0.4977940719028039
4,12,0.5316832694708284,0.5316832694708284
4,13,0.5386788757391661,0.5386788757391661
4,14,0.5548679982437303,0.5548679982437303
4,15,0.5552546987590952,0.5552546987590952
4,16,0.5554610778759947,0.5554610778759947
4,17,0.5559412005085271,0.5559412005085271
4,18,0.5563160827798128,0.5563160827798128
4,19,0.5704032172524727,0.5704032172524727
4,20,0.5715957967045349,0.5715957967045349
4,21,0.5736315734159565,0.5736315734159565
4,22,0.5748525657009798,0.5748525657009798
4,23,0.5782289061611272,0.5782289061611272
4,24,0.5800099227720852,0.5800099227720852
4,25,0.5906049244696631,0.5906049244696631
4,26,0.5905602317381939,0.5905602317381939
4,27,0.5914532256775226,0.5914532256775226
4,28,0.588999712566243,0.588999712566243
4,29,0.5901523226095278,0.5901523226095278
4,30,0.5903597242868972,0.5903597242868972
4,31,0.5952152851122872,0.5952152851122872
4,32,0.5998145619783704,0.5998145619783704
4,33,0.6055388154834567,0.6055388154834567
4,34,0.6100650596016403,0.6100650596016403
4,35,0.614173574959161,0.614173574959161
4,36,0.6126315901173927,0.6126315901173927
4,37,0.6130850398802984,0.6130850398802984
4,38,0.6145850046208259,0.6145850046208259
4,39,0.6162468544498618,0.6162468544498618
4,40,0.6232783621810997,0.6232783621810997
4,41,0.6230851862811256,0.6230851862811256
4,42,0.6232359581939857,0.6232359581939857
4,43,0.6289814827699864,0.6289814827699864
4,44,0.629355319766616,0.629355319766616
4,45,0.6267947389457025,0.6267947389457025
4,46,0.6301843560766952,0.6301843560766952
4,47,0.6362277613389176,0.6362277613389176
4,48,0.6351003233911876,0.6351003233911876
4,49,0.6395822780340517,0.6395822780340517
4,50,0.6350342684496018,0.6350342684496018
4,51,0.6361431597736207,0.6361431597736207
4,52,0.636302072480599,0.636302072480599
4,53,0.644640265707477,0.644640265707477
4,54,0.6427334550287247,0.6427334550287247
4,55,0.6444667932915424,0.6444667932915424
4,56,0.6446165997539488,0.6446165997539488
4,57,0.6462991391683806,0.6462991391683806
4,58,0.6481532164732451,0.6481532164732451
4,59,0.6496176873099762,0.6496176873099762
4,60,0.6489132715589767,0.6489132715589767
4,61,0.6493417477818942,0.6493417477818942
4,62,0.6491965018094082,0.6491965018094082
4,63,0.6509383139871848,0.6509383139871848
4,64,0.6502088608624574,0.6502088608624574
4,65,0.6504610105486839,0.6504610105486839
4,66,0.6505948511368451,0.6505948511368451
4,67,0.6506931677717944,0.6506931677717944
4,68,0.6536886845050855,0.6536886845050855
4,69,0.6534422278503904,0.6534422278503904
4,70,0.6536113723730739,0.6536113723730739
4,71,0.6536428180095406,0.6536428180095406
4,72,0.6540745326036498,0.6540745326036498
4,73,0.6529053964683265,0.6529053964683265
4,74,0.6563291441043932,0.6563291441043932
4,75,0.6547934012885772,0.6547934012885772
4,76,0.6615112874599417,0.6615112874599417
4,77,0.660864364884763,0.660864364884763
4,78,0.6624282077493626,0.6624282077493626
4,79,0.663605176978517,0.663605176978517
4,80,0.6601593769130965,0.6601593769130965
4,81,0.6637854207391441,0.6637854207391441
4,82,0.6648310931529178,0.6648310931529178
4,83,0.6643678975881353,0.6643678975881353
4,84,0.6649106564671147,0.6649106564671147
4,85,0.6644746505951478,0.6644746505951478
4,86,0.6686553875677546,0.6686553875677546
4,87,0.6681231625991474,0.6681231625991474
4,88,0.6670917312250153,0.6670917312250153
4,89,0.668405272858418,0.668405272858418
4,90,0.6707340554742333,0.6707340554742333
4,91,0.6697300717284906,0.6697300717284906
4,92,0.6691998599584992,0.6691998599584992
4,93,0.6699187941056224,0.6699187941056224
4,94,0.6692459933138819,0.6692459933138819
4,95,0.6727479928973843,0.6727479928973843
4,96,0.6740196122361866,0.6740196122361866
4,97,0.6782307813502378,0.6782307813502378
4,98,0.6724314355057031,0.6724314355057031
4,99,0.6745251516879354,0.6745251516879354
4,100,0.6801510132425379,0.6801510132425379
4,101,0.6786028473239117,0.6786028473239117
4,102,0.6800489545706899,0.6800489545706899
4,103,0.6811612999586101,0.6811612999586101
4,104,0.683009033126122,0.683009033126122
4,105,0.6799853121957068,0.6799853121957068
4,106,0.6819674240474847,0.6819674240474847
4,107,0.6816648872330348,0.6816648872330348
4,108,0.6819090661117151,0.6819090661117151
4,109,0.681971419900847,0.681971419900847
4,110,0.6851824871619566,0.6851824871619566
4,111,0.684518515047017,0.684518515047017
4,112,0.684611206891361,0.684611206891361
4,113,0.6854830246705506,0.6854830246705506
4,114,0.686156027717431,0.686156027717431
4,115,0.6850556605822642,0.6850556605822642
4,116,0.6847264279985175,0.6847264279985175
4,117,0.6850994295608823,0.6850994295608823
4,118,0.6854478432836649,0.6854478432836649
4,119,0.6873972140784347,0.6873972140784347
4,120,0.6880260508267282,0.6880260508267282
4,121,0.691294080724839,0.691294080724839
4,122,0.6903575640721962,0.6903575640721962
4,123,0.6917491555091542,0.6917491555091542
4,124,0.6920491624462717,0.6920491624462717
4,125,0.6915275454521426,0.6915275454521426
4,126,0.6906769045705047,0.6906769045705047
4,127,0.6922676338061879,0.6922676338061879
4,128,0.6923864444351707,0.6923864444351707
4,129,0.6924460794326943,0.6924460794326943
4,130,0.6922647199691037,0.6922647199691037
4,131,0.6957694961194336,0.6957694961194336
4,132,0.694697059880188,0.694697059880188
4,133,0.6941666801143034,0.6941666801143034
4,134,0.6945299032285077,0.6945299032285077
4,135,0.6952062577566649,0.6952062577566649
4,136,0.6967782300870385,0.6967782300870385
4,137,0.6954025377355828,0.6954025377355828
4,138,0.6970951239057774,0.6970951239057774
4,139,0.6966559079803187,0.6966559079803187
4,140,0.697395140450469,0.697395140450469
4,141,0.6973299975099798,0.6973299975099798
4,142,0.6983220565349431,0.6983220565349431
4,143,0.698587075840877,0.698587075840877
4,144,0.6986423398704913,0.6986423398704913
4,145,0.6975352607712122,0.6975352607712122
4,146,0.6986963752020017,0.6986963752020017
4,147,0.6990718507567593,0.6990718507567593
4,148,0.6979548624589142,0.6979548624589142
4,149,0.6991837192250177,0.6991837192250177
4,150,0.6991306493766033,0.6991306493766033
4,151,0.6996417752881345,0.6996417752881345
4,152,0.6994992113821379,0.6994992113821379
4,153,0.6993215493455058,0.6993215493455058
4,154,0.7001499681046912,0.7001499681046912
4,155,0.7004823184400588,0.7004823184400588
4,156,0.7000864212295196,0.7000864212295196
4,157,0.7007533053962967,0.7007533053962967
4,158,0.7008480605706384,0.7008480605706384
4,159,0.7009220447618753,0.7009220447618753
4,160,0.7015651372875884,0.7015651372875884
4,161,0.701397586929754,0.701397586929754
4,162,0.7008026897847801,0.7008026897847801
4,163,0.7010367212816253,0.7010367212816253
4,164,0.701049829466467,0.701049829466467
4,165,0.7010769116083935,0.7010769116083935
4,166,0.7011094242570782,0.7011094242570782
4,167,0.7009490113417529,0.7009490113417529
4,168,0.7006297438482044,0.7006297438482044
4,169,0.700612660170973,0.700612660170973
4,170,0.700614161727055,0.700614161727055
4,171,0.7021696151702275,0.7021696151702275
4,172,0.7026776899513663,0.7026776899513663
4,173,0.7028977294285044,0.7028977294285044
4,174,0.7039250933166663,0.7039250933166663
4,175,0.7042116625535386,0.7042116625535386
4,176,0.7042085640372739,0.7042085640372739
4,177,0.7039502250525878,0.7039502250525878
4,178,0.7055063083495106,0.7055063083495106
4,179,0.7056825255859936,0.7056825255859936
4,180,0.70574845741032,0.70574845741032
4,181,0.7059243721525346,0.7059243721525346
4,182,0.7060729648484159,0.7060729648484159
4,183,0.7060709738663808,0.7060709738663808
4,184,0.7061585131355828,0.7061585131355828
4,185,0.7057801606347348,0.7057801606347348
4,186,0.7057374202917863,0.7057374202917863
4,187,0.7070407772904108,0.7070407772904108
4,188,0.7062446686123914,0.7062446686123914
4,189,0.7063691776704639,0.7063691776704639
4,190,0.7068106698860207,0.7068106698860207
5,1,0.18501529612296064,0.18501529612296064
5,2,0.19331455854191226,0.19331455854191226
5,3,0.3347463131792562,0.3347463131792562
5,4,0.33933304971182576,0.33933304971182576
5,5,0.35367709245913537,0.35367709245913537
5,6,0.42061900219077186,0.42061900219077186
5,7,0.4389686651897675,0.4389686651897675
5,8,0.4396578561833584,0.4396578561833584
5,9,0.4408708699847571,0.4408708699847571
5,10,0.44092105940694826,0.44092105940694826
5,11,0.44325520568319887,0.44325520568319887
5,12,0.47356216755278835,0.47356216755278835
5,13,0.48440631916546495,0.48440631916546495
5,14,0.4899512874646115,0.4899512874646115
5,15,0.49033675358612716,0.49033675358612716
5,16,0.4909849919764876,0.4909849919764876
5,17,0.49132013341908576,0.49132013341908576
5,18,0.4922417976845034,0.4922417976845034
5,19,0.5034418902921988,0.5034418902921988
5,20,0.5043899325591759,0.5043899325591759
5,21,0.5053238913590374,0.5053238913590374
5,22,0.5091010161524447,0.5091010161524447
5,23,0.509188179139032,0.509188179139032
5,24,0.510829140719321,0.510829140719321
5,25,0.5114699945279579,0.5114699945279579
5,26,0.5169942354855748,0.5169942354855748
5,27,0.5174576458475846,0.5174576458475846
5,28,0.5187851517901972,0.5187851517901972
5,29,0.5197030625276187,0.5197030625276187
5,30,0.5184134306440085,0.5184134306440085
5,31,0.5234206128085909,0.5234206128085909
5,32,0.5254989527946416,0.5254989527946416
5,33,0.5274505141576641,0.5274505141576641
5,34,0.5295877302803411,0.5295877302803411
5,35,0.5377619199704797,0.5377619199704797
5,36,0.5369664789565011,0.5369664789565011
5,37,0.5353754060404448,0.5353754060404448
5,38,0.5385211034397486,0.5385211034397486
5,39,0.5386597236905575,0.5386597236905575
5,40,0.5453887987368967,0.5453887987368967
5,41,0.5446572918620645,0.5446572918620645
5,42,0.5482361790098358,0.5482361790098358
5,43,0.550386809176032,0.550386809176032
5,44,0.5521174557122055,0.5521174557122055
5,45,0.5536039545542387,0.5536039545542387
5,46,0.5562798767063268,0.5562798767063268
5,47,0.559815895588037,0.559815895588037
5,48,0.5593868500317021,0.5593868500317021
5,49,0.5602012934135308,0.5602012934135308
5,50,0.5602717274851065,0.5602717274851065
5,51,0.5635577554513094,0.5635577554513094
5,52,0.5607140694398141,0.5607140694398141
5,53,0.563741082306707,0.563741082306707
5,54,0.566805262590964,0.566805262590964
5,55,0.5678862961049507,0.5678862961049507
5,56,0.5681165693920154,0.5681165693920154
5,57,0.5679482964836046,0.5679482964836046
5,58,0.5665423902788203,0.5665423902788203
5,59,0.5681723504376217,0.5681723504376217
5,60,0.5687669322230351,0.5687669322230351
5,61,0.5691757738472079,0.5691757738472079
5,62,0.5686779067640866,0.5686779067640866
5,63,0.5710045574045686,0.5710045574045686
5,64,0.569931125013422,0.569931125013422
5,65,0.5696806661699505,0.5696806661699505
5,66,0.5696268827775726,0.5696268827775726
5,67,0.5716224909159717,0.5716224909159717
5,68,0.5751597984522328,0.5751597984522328
5,69,0.576245899412466,0.576245899412466
5,70,0.5770890556595221,0.5770890556595221
5,71,0.5754794237736165,0.5754794237736165
5,72,0.5770310522853304,0.5770310522853304
5,73,0.5785290742573876,0.5785290742573876
5,74,0.5834246460696494,0.5834246460696494
5,75,0.5775768221654254,0.5775768221654254
5,76,0.5821744753435256,0.5821744753435256
5,77,0.5856597240754567,0.5856597240754567
5,78,0.5859990552865604,0.5859990552865604
5,79,0.5860995287642243,0.5860995287642243
5,80,0.5865218969072419,0.5865218969072419
5,81,0.5884395556019245,0.5884395556019245
5,82,0.5880465925122571,0.5880465925122571
5,83,0.5914926822875113,0.5914926822875113
5,84,0.590737414475246,0.590737414475246
5,85,0.5910605823396293,0.5910605823396293
5,86,0.5910988235806676,0.5910988235806676
5,87,0.591106046368618,0.591106046368618
5,88,0.5934431950103911,0.5934431950103911
5,89,0.5908452033973015,0.5908452033973015
5,90,0.5947823216549222,0.5947823216549222
5,91,0.5922954253645882,0.5922954253645882
5,92,0.5992035642822533,0.5992035642822533
5,93,0.5962902432329744,0.5962902432329744
5,94,0.5997120899545297,0.5997120899545297
5,95,0.5995110052180588,0.5995110052180588
5,96,0.5978438413196125,0.5978438413196125
5,97,0.5951539587574011,0.5951539587574011
5,98,0.6026982022541443,0.6026982022541443
5,99,0.5992505085693729,0.5992505085693729
5,100,0.6060375259855852,0.6060375259855852
5,101,0.6047572848036307,0.6047572848036307
5,102,0.6056340186912125,0.6056340186912125
5,103,0.6057603392076829,0.6057603392076829
5,104,0.6065103609364951,0.6065103609364951
5,105,0.6079047191809608,0.6079047191809608
5,106,0.609037535652564,0.609037535652564
5,107,0.6070349576737516,0.6070349576737516
5,108,0.6085842326620358,0.6085842326620358
5,109,0.6096756421150835,0.6096756421150835
5,110,0.6079408372388703,0.6079408372388703
5,111,0.6116072603950452,0.6116072603950452
5,112,0.612609893313241,0.612609893313241
5,113,0.6157122667862595,0.6157122667862595
5,114,0.6133401983457687,0.6133401983457687
5,115,0.6146407164798241,0.6146407164798241
5,116,0.6120665293198952,0.6120665293198952
5,117,0.6116619570040637,0.6116619570040637
5,118,0.6141840863065162,0.6141840863065162
5,119,0.6128238280442322,0.6128238280442322
5,120,0.615620838770443,0.615620838770443
5,121,0.6157013004521675,0.6157013004521675
5,122,0.6165013685588026,0.6165013685588026
5,123,0.616139095438184,0.616139095438184
5,124,0.6163962228674156,0.6163962228674156
5,125,0.618589303474634,0.618589303474634
5,126,0.6174404962934842,0.6174404962934842
5,127,0.6176828051532712,0.6176828051532712
5,128,0.6173784694106087,0.6173784694106087
5,129,0.6168351154834477,0.6168351154834477
5,130,0.618686923433037,0.618686923433037
5,131,0.6204734107248728,0.6204734107248728
5,132,0.6222409716443649,0.6222409716443649
5,133,0.6228813412087228,0.6228813412087228
5,134,0.6213659281934598,0.6213659281934598
5,135,0.6215330306372523,0.6215330306372523
5,136,0.6207277692258557,0.6207277692258557
5,137,0.624150805487315,0.624150805487315
5,138,0.6242520195749557,0.6242520195749557
5,139,0.6243410478148307,0.6243410478148307
5,140,0.6240876031631197,0.6240876031631197
5,141,0.6249450149335931,0.6249450149335931
5,142,0.6264951163464207,0.6264951163464207
5,143,0.6285794361123813,0.6285794361123813
5,144,0.6278549624736187,0.6278549624736187
5,145,0.627942392961593,0.627942392961593
5,146,0.6289689620639325,0.6289689620639325
5,147,0.629289163432843,0.629289163432843
5,148,0.6274022711280675,0.6274022711280675
5,149,0.6309058279482339,0.6309058279482339
5,150,0.6287846364879057,0.6287846364879057
5,151,0.6300320351457938,0.6300320351457938
5,152,0.6307905289718843,0.6307905289718843
5,153,0.6301968322052495,0.6301968322052495
5,154,0.6308752769862795,0.6308752769862795
5,155,0.6336557651635084,0.6336557651635084
5,156,0.6337241080853562,0.6337241080853562
5,157,0.6337025987903808,0.6337025987903808
5,158,0.6342985012548792,0.6342985012548792
5,159,0.634380905350322,0.634380905350322
5,160,0.6345245431557778,0.6345245431557778
5,161,0.6349148983191863,0.6349148983191863
5,162,0.6349382697516257,0.6349382697516257
5,163,0.6350521792720042,0.6350521792720042
5,164,0.6349622300397884,0.6349622300397884
5,165,0.6346670310250617,0.6346670310250617
5,166,0.6346722841462673,0.6346722841462673
5,167,0.6346916842534512,0.6346916842534512
5,168,0.634681908126482,0.634681908126482
5,169,0.6346743392285428,0.6346743392285428
5,170,0.6347262916712881,0.6347262916712881
5,171,0.6363113380065928,0.6363113380065928
5,172,0.6363173078087545,0.6363173078087545
5,173,0.6376690377875736,0.6376690377875736
5,174,0.6385508295935096,0.6385508295935096
5,175,0.6388071131662256,0.6388071131662256
5,176,0.6387998772019692,0.6387998772019692
5,177,0.6393324040359326,0.6393324040359326
5,178,0.639893988733178,0.639893988733178
5,179,0.6403336229285814,0.6403336229285814
5,180,0.6403362840452957,0.6403362840452957
5,181,0.6406771541650236,0.6406771541650236
5,182,0.6406540871200153,0.6406540871200153
5,183,0.6406395274665875,0.6406395274665875
5,184,0.6412358649896599,0.6412358649896599
5,185,0.6414690832675185,0.6414690832675185
5,186,0.6413356380546252,0.6413356380546252
5,187,0.6420170410414014,0.6420170410414014
5,188,0.643558906951406,0.643558906951406
5,189,0.6440002764414288,0.6440002764414288
5,190,0.6444675510570556,0.6444675510570556
