fold,dim,variance,r2
1,1,0.15983833886342758,0.15983833886342758
1,2,0.17065586874861605,0.17065586874861605
1,3,0.32651973003253276,0.32651973003253276
1,4,0.33194700561020407,0.33194700561020407
1,5,0.3466690901764635,0.3466690901764635
1,6,0.42021094411998694,0.42021094411998694
1,7,0.44032341335850045,0.44032341335850045
1,8,0.4410873264817312,0.4410873264817312
1,9,0.44170836812706227,0.44170836812706227
1,10,0.44162222311496324,0.44162222311496324
1,11,0.44512264623306463,0.44512264623306463
1,12,0.4774603010504561,0.4774603010504561
1,13,0.4814759754447948,0.4814759754447948
1,14,0.494699321182952,0.494699321182952
1,15,0.49483216264524754,0.49483216264524754
1,16,0.4954649614562431,0.4954649614562431
1,17,0.4955673181363296,0.4955673181363296
1,18,0.4961346035126263,0.4961346035126263
1,19,0.5114294950667866,0.5114294950667866
1,20,0.5123532734919025,0.5123532734919025
1,21,0.5120154446759438,0.5120154446759438
1,22,0.5151104621217888,0.5151104621217888
1,23,0.5184334931590708,0.5184334931590708
1,24,0.520748332779583,0.520748332779583
1,25,0.5235894524347824,0.5235894524347824
1,26,0.5278601302727155,0.5278601302727155
1,27,0.5281972909466726,0.5281972909466726
1,28,0.5289419466600621,0.5289419466600621
1,29,0.5292153312752123,0.5292153312752123
1,30,0.528630122358863,0.528630122358863
1,31,0.5323407658651463,0.5323407658651463
1,32,0.5401776719738127,0.5401776719738127
1,33,0.5452025725734235,0.5452025725734235
1,34,0.5476659780681983,0.5476659780681983
1,35,0.5483391753386346,0.5483391753386346
1,36,0.5488140616533586,0.5488140616533586
1,37,0.5523700171523527,0.5523700171523527
1,38,0.5533904560588351,0.5533904560588351
1,39,0.561354921697826,0.561354921697826
1,40,0.5615428219440934,0.5615428219440934
1,41,0.5590480544202494,0.5590480544202494
1,42,0.5650712841260992,0.5650712841260992
1,43,0.570302977396623,0.570302977396623
1,44,0.572166941494548,0.572166941494548
1,45,0.5713191513367989,0.5713191513367989
1,46,0.5719098811752124,0.5719098811752124
1,47,0.5758580764006004,0.5758580764006004
1,48,0.5740807615673862,0.5740807615673862
1,49,0.5757066335029587,0.5757066335029587
1,50,0.5777861266805677,0.5777861266805677
1,51,0.5801020534026876,0.5801020534026876
1,52,0.5789361007624529,0.5789361007624529
1,53,0.5797142904670674,0.5797142904670674
1,54,0.5837056486098487,0.5837056486098487
1,55,0.5837004900480972,0.5837004900480972
1,56,0.5825808059696576,0.5825808059696576
1,57,0.5848538168511874,0.5848538168511874
1,58,0.58529168035012,0.58529168035012
1,59,0.5834479312312086,0.5834479312312086
1,60,0.5847754258705515,0.5847754258705515
1,61,0.5862916494455537,0.5862916494455537
1,62,0.5871361554614585,0.5871361554614585
1,63,0.5879493331779546,0.5879493331779546
1,64,0.5877955351477377,0.5877955351477377
1,65,0.5891464602396258,0.5891464602396258
1,66,0.5879354578039,0.5879354578039
1,67,0.5901946258690016,0.5901946258690016
1,68,0.5891945360976895,0.5891945360976895
1,69,0.5931659016886217,0.5931659016886217
1,70,0.5939077640873031,0.5939077640873031
1,71,0.5951906121982922,0.5951906121982922
1,72,0.5993424563759434,0.5993424563759434
1,73,0.5964381860275499,0.5964381860275499
1,74,0.5995322413647485,0.5995322413647485
1,75,0.6016287920281743,0.6016287920281743
1,76,0.6018020556810673,0.6018020556810673
1,77,0.6049402161248204,0.6049402161248204
1,78,0.6039689807665172,0.6039689807665172
1,79,0.6058336348901275,0.6058336348901275
1,80,0.6063452169452066,0.6063452169452066
1,81,0.6060042634228802,0.6060042634228802
1,82,0.6064958110956606,0.6064958110956606
1,83,0.6084938775935999,0.6084938775935999
1,84,0.6094707664506609,0.6094707664506609
1,85,0.6077022866555912,0.6077022866555912
1,86,0.6085780408373994,0.6085780408373994
1,87,0.6106922529648808,0.6106922529648808
1,88,0.6095367059947709,0.6095367059947709
1,89,0.6107650328957754,0.6107650328957754
1,90,0.6118658921849093,0.6118658921849093
1,91,0.6098770961353412,0.6098770961353412
1,92,0.6146628486112173,0.6146628486112173
1,93,0.6134040451090677,0.6134040451090677
1,94,0.6166592349317803,0.6166592349317803
1,95,0.6114917118575107,0.6114917118575107
1,96,0.614390854517445,0.614390854517445
1,97,0.6175018538716952,0.6175018538716952
1,98,0.6188102908236295,0.6188102908236295
1,99,0.6188213272657781,0.6188213272657781
1,100,0.6230467326712393,0.6230467326712393
1,101,0.6235350489617322,0.6235350489617322
1,102,0.6245073217934961,0.6245073217934961
1,103,0.6271366974388277,0.6271366974388277
1,104,0.6265332875212286,0.6265332875212286
1,105,0.6283809029808873,0.6283809029808873
1,106,0.6238504351991511,0.6238504351991511
1,107,0.6246528072819029,0.6246528072819029
1,108,0.6298270670033105,0.6298270670033105
1,109,0.6324087327359811,0.6324087327359811
1,110,0.6327698948420273,0.6327698948420273
1,111,0.6331957102489532,0.6331957102489532
1,112,0.6315650375554235,0.6315650375554235
1,113,0.6347182858511224,0.6347182858511224
1,114,0.6323634412674886,0.6323634412674886
1,115,0.63444958542372,0.63444958542372
1,116,0.6353033407985589,0.6353033407985589
1,117,0.6338394956288793,0.6338394956288793
1,118,0.634073399268816,0.634073399268816
1,119,0.6344588316063078,0.6344588316063078
1,120,0.635893960205484,0.635893960205484
1,121,0.6377496019633113,0.6377496019633113
1,122,0.638274941516003,0.638274941516003
1,123,0.638050907180327,0.638050907180327
1,124,0.6390807607255086,0.6390807607255086
1,125,0.6403734721677925,0.6403734721677925
1,126,0.6383328700427167,0.6383328700427167
1,127,0.6390416465002382,0.6390416465002382
1,128,0.6404804664134891,0.6404804664134891
1,129,0.6395466758369903,0.6395466758369903
1,130,0.6387756169369596,0.6387756169369596
1,131,0.6402895361107546,0.6402895361107546
1,132,0.6411030713277319,0.6411030713277319
1,133,0.6411181979981962,0.6411181979981962
1,134,0.6420262699635957,0.6420262699635957
1,135,0.6441850026440503,0.6441850026440503
1,136,0.6419132211530199,0.6419132211530199
1,137,0.642606601897369,0.642606601897369
1,138,0.6446328900722914,0.6446328900722914
1,139,0.6427795162935284,0.6427795162935284
1,140,0.6447026035808878,0.6447026035808878
1,141,0.6440637451795215,0.6440637451795215
1,142,0.647210111752242,0.647210111752242
1,143,0.6467235873373783,0.6467235873373783
1,144,0.6477434342663638,0.6477434342663638
1,145,0.6485619943201709,0.6485619943201709
1,146,0.6485575927457223,0.6485575927457223
1,147,0.6509865037257669,0.6509865037257669
1,148,0.6507719696993817,0.6507719696993817
1,149,0.6493194653412839,0.6493194653412839
1,150,0.6501699123969857,0.6501699123969857
1,151,0.6525229292375943,0.6525229292375943
1,152,0.6513149797281317,0.6513149797281317
1,153,0.6525169174211475,0.6525169174211475
1,154,0.6531624512160863,0.6531624512160863
1,155,0.6548633625804836,0.6548633625804836
1,156,0.6552839029856774,0.6552839029856774
1,157,0.6556400246626475,0.6556400246626475
1,158,0.6559503605356565,0.6559503605356565
1,159,0.6559562546855287,0.6559562546855287
1,160,0.656059604199376,0.656059604199376
1,161,0.6559198709193583,0.6559198709193583
1,162,0.6556802522288903,0.6556802522288903
1,163,0.6556183861154896,0.6556183861154896
1,164,0.6556882927078138,0.6556882927078138
1,165,0.6555381671784637,0.6555381671784637
1,166,0.6554506478532196,0.6554506478532196
1,167,0.655451466844438,0.655451466844438
1,168,0.6552865107119354,0.6552865107119354
1,169,0.6552358677669606,0.6552358677669606
1,170,0.6554121668832871,0.6554121668832871
1,171,0.6565819889850384,0.6565819889850384
1,172,0.6570272233696269,0.6570272233696269
1,173,0.6577673575091372,0.6577673575091372
1,174,0.658836084960464,0.658836084960464
1,175,0.6595428641567549,0.6595428641567549
1,176,0.65952447701232,0.65952447701232
1,177,0.6595049365719605,0.6595049365719605
1,178,0.6611879877010475,0.6611879877010475
1,179,0.6611561989895414,0.6611561989895414
1,180,0.6611556805808154,0.6611556805808154
1,181,0.6611919493176779,0.6611919493176779
1,182,0.6610829772490255,0.6610829772490255
1,183,0.6611164038752312,0.6611164038752312
1,184,0.6613118427938678,0.6613118427938678
1,185,0.6615433091772757,0.6615433091772757
1,186,0.6613911668732991,0.6613911668732991
1,187,0.6617833812376646,0.6617833812376646
1,188,0.6632041494153748,0.6632041494153748
1,189,0.6634034918136903,0.6634034918136903
1,190,0.6636726364720409,0.6636726364720409
2,1,0.15640755257612227,0.15640755257612227
2,2,0.1641623629434712,0.1641623629434712
2,3,0.2772145341339658,0.2772145341339658
2,4,0.2807302039404187,0.2807302039404187
2,5,0.29185489628756334,0.29185489628756334
2,6,0.34483218476501465,0.34483218476501465
2,7,0.3573809174874433,0.3573809174874433
2,8,0.35811235073787573,0.35811235073787573
2,9,0.35914461265770525,0.35914461265770525
2,10,0.3593579250734519,0.3593579250734519
2,11,0.36316057935163226,0.36316057935163226
2,12,0.38320875907099505,0.38320875907099505
2,13,0.38737062960946145,0.38737062960946145
2,14,0.3942291146554333,0.3942291146554333
2,15,0.3944612964992823,0.3944612964992823
2,16,0.39474831961852797,0.39474831961852797
2,17,0.39520021726767385,0.39520021726767385
2,18,0.3959224247544848,0.3959224247544848
2,19,0.40422699523686145,0.40422699523686145
2,20,0.40474163946194197,0.40474163946194197
2,21,0.40708776858180373,0.40708776858180373
2,22,0.4108816597638564,0.4108816597638564
2,23,0.4110391746416907,0.4110391746416907
2,24,0.4120190132421335,0.4120190132421335
2,25,0.4163684378204793,0.4163684378204793
2,26,0.42002745401955,0.42002745401955
2,27,0.41891158021630337,0.41891158021630337
2,28,0.419069189665189,0.419069189665189
2,29,0.4185676895352749,0.4185676895352749
2,30,0.4199100039984004,0.4199100039984004
2,31,0.4253063507342425,0.4253063507342425
2,32,0.43046305172131516,0.43046305172131516
2,33,0.432487836843211,0.432487836843211
2,34,0.4339343593038948,0.4339343593038948
2,35,0.4298125864264458,0.4298125864264458
2,36,0.4369546825755656,0.4369546825755656
2,37,0.43757788715343005,0.43757788715343005
2,38,0.44115583704872563,0.44115583704872563
2,39,0.4408090200015339,0.4408090200015339
2,40,0.45040507340828295,0.45040507340828295
2,41,0.44538631894734926,0.44538631894734926
2,42,0.44641994370952776,0.44641994370952776
2,43,0.4456879038460978,0.4456879038460978
2,44,0.4522237886223288,0.4522237886223288
2,45,0.4499666448558387,0.4499666448558387
2,46,0.45188700166029394,0.45188700166029394
2,47,0.45435235556263565,0.45435235556263565
2,48,0.4551299013227549,0.4551299013227549
2,49,0.4564108411068758,0.4564108411068758
2,50,0.4567885228296291,0.4567885228296291
2,51,0.4579050905316725,0.4579050905316725
2,52,0.45893979108733773,0.45893979108733773
2,53,0.4609002058356406,0.4609002058356406
2,54,0.4641623071465506,0.4641623071465506
2,55,0.4623340276847291,0.4623340276847291
2,56,0.46124825287269133,0.46124825287269133
2,57,0.4607180621964746,0.4607180621964746
2,58,0.464832180486654,0.464832180486654
2,59,0.46652661516518734,0.46652661516518734
2,60,0.46552456375483287,0.46552456375483287
2,61,0.46467220447841373,0.46467220447841373
2,62,0.46626019195629276,0.46626019195629276
2,63,0.46881757436110383,0.46881757436110383
2,64,0.46704381537585704,0.46704381537585704
2,65,0.4670744656032769,0.4670744656032769
2,66,0.46771801107671573,0.46771801107671573
2,67,0.465280277475973,0.465280277475973
2,68,0.47007691159916487,0.47007691159916487
2,69,0.46995050765390556,0.46995050765390556
2,70,0.47373092458824806,0.47373092458824806
2,71,0.4717004492168305,0.4717004492168305
2,72,0.47600177187029,0.47600177187029
2,73,0.4758819305928118,0.4758819305928118
2,74,0.47599549727102064,0.47599549727102064
2,75,0.4755017472193178,0.4755017472193178
2,76,0.483368912121907,0.483368912121907
2,77,0.4843235047562996,0.4843235047562996
2,78,0.4858387371829537,0.4858387371829537
2,79,0.48455125011932076,0.48455125011932076
2,80,0.48384858217047644,0.48384858217047644
2,81,0.4860578582747216,0.4860578582747216
2,82,0.4896060940996443,0.4896060940996443
2,83,0.4870599978471749,0.4870599978471749
2,84,0.4891306752559813,0.4891306752559813
2,85,0.4877226009739135,0.4877226009739135
2,86,0.4894883449723564,0.4894883449723564
2,87,0.49165179116835167,0.49165179116835167
2,88,0.49205865479906674,0.49205865479906674
2,89,0.48880412032281106,0.48880412032281106
2,90,0.49383505039779796,0.49383505039779796
2,91,0.4941381206341213,0.4941381206341213
2,92,0.49296116374023935,0.49296116374023935
2,93,0.4927007321217365,0.4927007321217365
2,94,0.4921545048890775,0.4921545048890775
2,95,0.49986029992281966,0.49986029992281966
2,96,0.49926933678217267,0.49926933678217267
2,97,0.5009242873372979,0.5009242873372979
2,98,0.4947608175880075,0.4947608175880075
2,99,0.5028976539835059,0.5028976539835059
2,100,0.5072777654959465,0.5072777654959465
2,101,0.5093285411456159,0.5093285411456159
2,102,0.5077456246034242,0.5077456246034242
2,103,0.5059649172695466,0.5059649172695466
2,104,0.5067293512532027,0.5067293512532027
2,105,0.5091085108971237,0.5091085108971237
2,106,0.5102965758585589,0.5102965758585589
2,107,0.5095778665676521,0.5095778665676521
2,108,0.5098413567033973,0.5098413567033973
2,109,0.5121910488576776,0.5121910488576776
2,110,0.5146635436110489,0.5146635436110489
2,111,0.5138733698506255,0.5138733698506255
2,112,0.5162432922783736,0.5162432922783736
2,113,0.5153987558651878,0.5153987558651878
2,114,0.5156417175814371,0.5156417175814371
2,115,0.5139075750203357,0.5139075750203357
2,116,0.5197351995495325,0.5197351995495325
2,117,0.5191686861726574,0.5191686861726574
2,118,0.5199640184189578,0.5199640184189578
2,119,0.5218911333707614,0.5218911333707614
2,120,0.5221719846165986,0.5221719846165986
2,121,0.523875700042851,0.523875700042851
2,122,0.524810158338948,0.524810158338948
2,123,0.522849651526641,0.522849651526641
2,124,0.5231922071052495,0.5231922071052495
2,125,0.52605040966502,0.52605040966502
2,126,0.5255536363495235,0.5255536363495235
2,127,0.5247299958812905,0.5247299958812905
2,128,0.5254287256589785,0.5254287256589785
2,129,0.5270331669359887,0.5270331669359887
2,130,0.5293810304154212,0.5293810304154212
2,131,0.5254073829775917,0.5254073829775917
2,132,0.5296758239435521,0.5296758239435521
2,133,0.529232594299202,0.529232594299202
2,134,0.5309057987765424,0.5309057987765424
2,135,0.5298345356232359,0.5298345356232359
2,136,0.5303935823723884,0.5303935823723884
2,137,0.5363008467407249,0.5363008467407249
2,138,0.5313957805399295,0.5313957805399295
2,139,0.5366314564099153,0.5366314564099153
2,140,0.535755164925718,0.535755164925718
2,141,0.5384995769838248,0.5384995769838248
2,142,0.5338838430422899,0.5338838430422899
2,143,0.5402699955041704,0.5402699955041704
2,144,0.5407716396989812,0.5407716396989812
2,145,0.5405117665875532,0.5405117665875532
2,146,0.5401034808542032,0.5401034808542032
2,147,0.5441108824510106,0.5441108824510106
2,148,0.5415526748703097,0.5415526748703097
2,149,0.5425065382018452,0.5425065382018452
2,150,0.5403857691322241,0.5403857691322241
2,151,0.5442603532701027,0.5442603532701027
2,152,0.5434426695403496,0.5434426695403496
2,153,0.5438683140047096,0.5438683140047096
2,154,0.5451208109499996,0.5451208109499996
2,155,0.549035145877673,0.549035145877673
2,156,0.5501083866077296,0.5501083866077296
2,157,0.5503882794314632,0.5503882794314632
2,158,0.5508362004263387,0.5508362004263387
2,159,0.5508864401969964,0.5508864401969964
2,160,0.5517513559784055,0.5517513559784055
2,161,0.55257851356488,0.55257851356488
2,162,0.5525769411875103,0.5525769411875103
2,163,0.5525745056217136,0.5525745056217136
2,164,0.5525658772315141,0.5525658772315141
2,165,0.5534609768553891,0.5534609768553891
2,166,0.5533701292353974,0.5533701292353974
2,167,0.5533360455412216,0.5533360455412216
2,168,0.5533420933034638,0.5533420933034638
2,169,0.5533836147715826,0.5533836147715826
2,170,0.5536295379850448,0.5536295379850448
2,171,0.5555735141121234,0.5555735141121234
2,172,0.5558187676544181,0.5558187676544181
2,173,0.5580242581759827,0.5580242581759827
2,174,0.5588315281033176,0.5588315281033176
2,175,0.5591418932010697,0.5591418932010697
2,176,0.5591066623958241,0.5591066623958241
2,177,0.5604922006388635,0.5604922006388635
2,178,0.5601172335824589,0.5601172335824589
2,179,0.560637721996379,0.560637721996379
2,180,0.5607193686194227,0.5607193686194227
2,181,0.5604586873568806,0.5604586873568806
2,182,0.5608122285925624,0.5608122285925624
2,183,0.5609457569457652,0.5609457569457652
2,184,0.5614427667756781,0.5614427667756781
2,185,0.5622177010198326,0.5622177010198326
2,186,0.5622323922870094,0.5622323922870094
2,187,0.5624314173972822,0.5624314173972822
2,188,0.5650443502977446,0.5650443502977446
2,189,0.5660910661566474,0.5660910661566474
2,190,0.5670609875383755,0.5670609875383755
3,1,0.24926497874540965,0.24926497874540965
3,2,0.26029649881923833,0.26029649881923833
3,3,0.43865318926808106,0.43865318926808106
3,4,0.44672066773238384,0.44672066773238384
3,5,0.46875072441076804,0.46875072441076804
3,6,0.5529008789635337,0.5529008789635337
3,7,0.5703211519119811,0.5703211519119811
3,8,0.5706548172793684,0.5706548172793684
3,9,0.5719359533446928,0.5719359533446928
3,10,0.5720255236211882,0.5720255236211882
3,11,0.5758823624558056,0.5758823624558056
3,12,0.6059596071397373,0.6059596071397373
3,13,0.6205302102797705,0.6205302102797705
3,14,0.6282934323077318,0.6282934323077318
3,15,0.6294662587109631,0.6294662587109631
3,16,0.6306741054319877,0.6306741054319877
3,17,0.630356078416714,0.630356078416714
3,18,0.6308935139782306,0.6308935139782306
3,19,0.6469149637874705,0.6469149637874705
3,20,0.6481320644906772,0.6481320644906772
3,21,0.6484255749359404,0.6484255749359404
3,22,0.6519372861489865,0.6519372861489865
3,23,0.6511718029110396,0.6511718029110396
3,24,0.6576695622766195,0.6576695622766195
3,25,0.659896707922871,0.659896707922871
3,26,0.6669683094491152,0.6669683094491152
3,27,0.6677034455694167,0.6677034455694167
3,28,0.6667078633857294,0.6667078633857294
3,29,0.6682376151953981,0.6682376151953981
3,30,0.667636313477068,0.667636313477068
3,31,0.6750292631689766,0.6750292631689766
3,32,0.6831123026852622,0.6831123026852622
3,33,0.681931131311639,0.681931131311639
3,34,0.6835004261216808,0.6835004261216808
3,35,0.6940624895021508,0.6940624895021508
3,36,0.6908199658883691,0.6908199658883691
3,37,0.6913962867247647,0.6913962867247647
3,38,0.6956695270788005,0.6956695270788005
3,39,0.6943119409362242,0.6943119409362242
3,40,0.7031718512378691,0.7031718512378691
3,41,0.7038921929839187,0.7038921929839187
3,42,0.7035811125712483,0.7035811125712483
3,43,0.7060790424987777,0.7060790424987777
3,44,0.7056915305182141,0.7056915305182141
3,45,0.7070617330848915,0.7070617330848915
3,46,0.7133886118425996,0.7133886118425996
3,47,0.7135347921096544,0.7135347921096544
3,48,0.7119579044672806,0.7119579044672806
3,49,0.7122835765505593,0.7122835765505593
3,50,0.7131806101069068,0.7131806101069068
3,51,0.7138729533428829,0.7138729533428829
3,52,0.7146240980283407,0.7146240980283407
3,53,0.7156394998660667,0.7156394998660667
3,54,0.7192571313299778,0.7192571313299778
3,55,0.7176976017302343,0.7176976017302343
3,56,0.7185456247306841,0.7185456247306841
3,57,0.7199544746987758,0.7199544746987758
3,58,0.7208927570444986,0.7208927570444986
3,59,0.721133376544232,0.721133376544232
3,60,0.7205697107992012,0.7205697107992012
3,61,0.7241102085468284,0.7241102085468284
3,62,0.7251251878253384,0.7251251878253384
3,63,0.723132075907664,0.723132075907664
3,64,0.7232759936605758,0.7232759936605758
3,65,0.7245207718182816,0.7245207718182816
3,66,0.7241892033896611,0.7241892033896611
3,67,0.7236563398966198,0.7236563398966198
3,68,0.7241025777057706,0.7241025777057706
3,69,0.7259388272192839,0.7259388272192839
3,70,0.7282172690394713,0.7282172690394713
3,71,0.7272965633311868,0.7272965633311868
3,72,0.7260896042168861,0.7260896042168861
3,73,0.7295014907534224,0.7295014907534224
3,74,0.7319872744450286,0.7319872744450286
3,75,0.7314536615745647,0.7314536615745647
3,76,0.7349497445369274,0.7349497445369274
3,77,0.7370173493842738,0.7370173493842738
3,78,0.7343106601085589,0.7343106601085589
3,79,0.7365874286000816,0.7365874286000816
3,80,0.7366690340913374,0.7366690340913374
3,81,0.7372383353584249,0.7372383353584249
3,82,0.7375643916221117,0.7375643916221117
3,83,0.7396507228811626,0.7396507228811626
3,84,0.7376239102880053,0.7376239102880053
3,85,0.7385927813597639,0.7385927813597639
3,86,0.7378250708354346,0.7378250708354346
3,87,0.7380535945214092,0.7380535945214092
3,88,0.7397287075518597,0.7397287075518597
3,89,0.7409947016821213,0.7409947016821213
3,90,0.7415857951532053,0.7415857951532053
3,91,0.7435541123965537,0.7435541123965537
3,92,0.7439646298736953,0.7439646298736953
3,93,0.7453416415433796,0.7453416415433796
3,94,0.742937177113272,0.742937177113272
3,95,0.7462975930204534,0.7462975930204534
3,96,0.7480706244934947,0.7480706244934947
3,97,0.7478735808191073,0.7478735808191073
3,98,0.7460894284288885,0.7460894284288885
3,99,0.7517477872259439,0.7517477872259439
3,100,0.7538064675685934,0.7538064675685934
3,101,0.751495397909347,0.751495397909347
3,102,0.7540259394836684,0.7540259394836684
3,103,0.7540362722249414,0.7540362722249414
3,104,0.7502886992317426,0.7502886992317426
3,105,0.75339631230974,0.75339631230974
3,106,0.7536559871790146,0.7536559871790146
3,107,0.7554353015520029,0.7554353015520029
3,108,0.7567956874233992,0.7567956874233992
3,109,0.7564637031521586,0.7564637031521586
3,110,0.7570843463893735,0.7570843463893735
3,111,0.7566814706423736,0.7566814706423736
3,112,0.7554947206089656,0.7554947206089656
3,113,0.7583028195929566,0.7583028195929566
3,114,0.7573963124781573,0.7573963124781573
3,115,0.7585097079405976,0.7585097079405976
3,116,0.7577386344970274,0.7577386344970274
3,117,0.758304644237431,0.758304644237431
3,118,0.7585248209886374,0.7585248209886374
3,119,0.7584621706076126,0.7584621706076126
3,120,0.7602189958203149,0.7602189958203149
3,121,0.7621799371431279,0.7621799371431279
3,122,0.7634220230267577,0.7634220230267577
3,123,0.7631934494286075,0.7631934494286075
3,124,0.7612436487229158,0.7612436487229158
3,125,0.7618385675311169,0.7618385675311169
3,126,0.7604450403674451,0.7604450403674451
3,127,0.7623654569766293,0.7623654569766293
3,128,0.762836064422444,0.762836064422444
3,129,0.761622609729283,0.761622609729283
3,130,0.7636104345736646,0.7636104345736646
3,131,0.7633968458095526,0.7633968458095526
3,132,0.763803102756255,0.763803102756255
3,133,0.7641973207241215,0.7641973207241215
3,134,0.7640453017238229,0.7640453017238229
3,135,0.7645346201997132,0.7645346201997132
3,136,0.7638817078447699,0.7638817078447699
3,137,0.7644137471690016,0.7644137471690016
3,138,0.7657578745782541,0.7657578745782541
3,139,0.7646255374652956,0.7646255374652956
3,140,0.7660645352521458,0.7660645352521458
3,141,0.7675840465653266,0.7675840465653266
3,142,0.7677531243570523,0.7677531243570523
3,143,0.7666641024647922,0.7666641024647922
3,144,0.7664415885978851,0.7664415885978851
3,145,0.7650520354891277,0.7650520354891277
3,146,0.7670848707912123,0.7670848707912123
3,147,0.765714673929215,0.765714673929215
3,148,0.7668411337364504,0.7668411337364504
3,149,0.7661028133380231,0.7661028133380231
3,150,0.7671456158939409,0.7671456158939409
3,151,0.7672038146390743,0.7672038146390743
3,152,0.7678026422937216,0.7678026422937216
3,153,0.7679956325474369,0.7679956325474369
3,154,0.7681263167426144,0.7681263167426144
3,155,0.76858392587105,0.76858392587105
3,156,0.7694691117109997,0.7694691117109997
3,157,0.7698103622379946,0.7698103622379946
3,158,0.7700618279599781,0.7700618279599781
3,159,0.7701578127408056,0.7701578127408056
3,160,0.7703088771537255,0.7703088771537255
3,161,0.7707112624843923,0.7707112624843923
3,162,0.7711996521630026,0.7711996521630026
3,163,0.7711493389798987,0.7711493389798987
3,164,0.7711725537651286,0.7711725537651286
3,165,0.7720367365156469,0.7720367365156469
3,166,0.7720262702085638,0.7720262702085638
3,167,0.7720395408293996,0.7720395408293996
3,168,0.7719363232606766,0.7719363232606766
3,169,0.7719122471826143,0.7719122471826143
3,170,0.7720771443170327,0.7720771443170327
3,171,0.7717305477649887,0.7717305477649887
3,172,0.771587477603623,0.771587477603623
3,173,0.7716752368553299,0.7716752368553299
3,174,0.7719171114691775,0.7719171114691775
3,175,0.7719914657200592,0.7719914657200592
3,176,0.7718803689412352,0.7718803689412352
3,177,0.7721658173332823,0.7721658173332823
3,178,0.7729348447084377,0.7729348447084377
3,179,0.7728768869102112,0.7728768869102112
3,180,0.7729230458671587,0.7729230458671587
3,181,0.7731238925762209,0.7731238925762209
3,182,0.7732640559870578,0.7732640559870578
3,183,0.77331125695448,0.77331125695448
3,184,0.7738740524595225,0.7738740524595225
3,185,0.7743953655885024,0.7743953655885024
3,186,0.7742838553990012,0.7742838553990012
3,187,0.7753633972648348,0.7753633972648348
3,188,0.7761507056100024,0.7761507056100024
3,189,0.7763997220771088,0.7763997220771088
3,190,0.7753376932109016,0.7753376932109016
4,1,0.22394072971955792,0.22394072971955792
4,2,0.23374178590152705,0.23374178590152705
4,3,0.40509473167298093,0.40509473167298093
4,4,0.411613982122221,0.411613982122221
4,5,0.4349667164757426,0.4349667164757426
4,6,0.5094708736707149,0.5094708736707149
4,7,0.5338307804236724,0.5338307804236724
4,8,0.5344408604422671,0.5344408604422671
4,9,0.5364694675663197,0.5364694675663197
4,10,0.5369291633985767,0.5369291633985767
4,11,0.5411000391543748,0.5411000391543748
4,12,0.5788060801120993,0.5788060801120993
4,13,0.5882528710344268,0.5882528710344268
4,14,0.5971918906230762,0.5971918906230762
4,15,0.5980788493613638,0.5980788493613638
4,16,0.598107500222167,0.598107500222167
4,17,0.6003147234992253,0.6003147234992253
4,18,0.6003983195884337,0.6003983195884337
4,19,0.6177268791131516,0.6177268791131516
4,20,0.6193334693022633,0.6193334693022633
4,21,0.6184493545258549,0.6184493545258549
4,22,0.6228933883418644,0.6228933883418644
4,23,0.6235967881106786,0.6235967881106786
4,24,0.625362012848666,0.625362012848666
4,25,0.6286303739902264,0.6286303739902264
4,26,0.6360680851434897,0.6360680851434897
4,27,0.6368054067795901,0.6368054067795901
4,28,0.637347235958031,0.637347235958031
4,29,0.6350065639576639,0.6350065639576639
4,30,0.6387770135820623,0.6387770135820623
4,31,0.6461892179230528,0.6461892179230528
4,32,0.6549380301794013,0.6549380301794013
4,33,0.6542898394057859,0.6542898394057859
4,34,0.6569607302564583,0.6569607302564583
4,35,0.6594974376559364,0.6594974376559364
4,36,0.6584549195680743,0.6584549195680743
4,37,0.6604288567084065,0.6604288567084065
4,38,0.6624901345998377,0.6624901345998377
4,39,0.6677642093475908,0.6677642093475908
4,40,0.6646142034127618,0.6646142034127618
4,41,0.6683936069113385,0.6683936069113385
4,42,0.670228065992119,0.670228065992119
4,43,0.675455629744852,0.675455629744852
4,44,0.6710182617618208,0.6710182617618208
4,45,0.6744058910303634,0.6744058910303634
4,46,0.6773211419670266,0.6773211419670266
4,47,0.6802273488849253,0.6802273488849253
4,48,0.6802573653153123,0.6802573653153123
4,49,0.6817142770788589,0.6817142770788589
4,50,0.6838739343651505,0.6838739343651505
4,51,0.6841767948518804,0.6841767948518804
4,52,0.6833346412534749,0.6833346412534749
4,53,0.6864453835636876,0.6864453835636876
4,54,0.6907710899646877,0.6907710899646877
4,55,0.6906488052714842,0.6906488052714842
4,56,0.6911968075514616,0.6911968075514616
4,57,0.6893301408880422,0.6893301408880422
4,58,0.6914615294934854,0.6914615294934854
4,59,0.6926930795992357,0.6926930795992357
4,60,0.6907306696490039,0.6907306696490039
4,61,0.6957563081777286,0.6957563081777286
4,62,0.6937821101260931,0.6937821101260931
4,63,0.693581133722132,0.693581133722132
4,64,0.6919621800887288,0.6919621800887288
4,65,0.6933141200114026,0.6933141200114026
4,66,0.6937125464926719,0.6937125464926719
4,67,0.694983034648911,0.694983034648911
4,68,0.6946984864389953,0.6946984864389953
4,69,0.6970586070119449,0.6970586070119449
4,70,0.6980447929331621,0.6980447929331621
4,71,0.6967803593245185,0.6967803593245185
4,72,0.6977130286881392,0.6977130286881392
4,73,0.6992560210172303,0.6992560210172303
4,74,0.6991207912783003,0.6991207912783003
4,75,0.7029203982932681,0.7029203982932681
4,76,0.7056506908628355,0.7056506908628355
4,77,0.7098511282294435,0.7098511282294435
4,78,0.7095991210923615,0.7095991210923615
4,79,0.710594807969424,0.710594807969424
4,80,0.7122776119418766,0.7122776119418766
4,81,0.7115966784269979,0.7115966784269979
4,82,0.7112444641140635,0.7112444641140635
4,83,0.7128013210226037,0.7128013210226037
4,84,0.7145948570806017,0.7145948570806017
4,85,0.7126653809852643,0.7126653809852643
4,86,0.7132335493052336,0.7132335493052336
4,87,0.7118809405135835,0.7118809405135835
4,88,0.7133708401687755,0.7133708401687755
4,89,0.7159004108143657,0.7159004108143657
4,90,0.715322573826569,0.715322573826569
4,91,0.7156920575263566,0.7156920575263566
4,92,0.7165905633012983,0.7165905633012983
4,93,0.7161764540065303,0.7161764540065303
4,94,0.7199711603877763,0.7199711603877763
4,95,0.718718716789688,0.718718716789688
4,96,0.7203403888439803,0.7203403888439803
4,97,0.7235450640608907,0.7235450640608907
4,98,0.723849135991962,0.723849135991962
4,99,0.7207387317102714,0.7207387317102714
4,100,0.7274141707379326,0.7274141707379326
4,101,0.7242471293565492,0.7242471293565492
4,102,0.7286460748046817,0.7286460748046817
4,103,0.7284839980935753,0.7284839980935753
4,104,0.7290552828380297,0.7290552828380297
4,105,0.7304787047115224,0.7304787047115224
4,106,0.7286359786014932,0.7286359786014932
4,107,0.7307029458194523,0.7307029458194523
4,108,0.7306403028348252,0.7306403028348252
4,109,0.730591520985916,0.730591520985916
4,110,0.7316005031647762,0.7316005031647762
4,111,0.7311787295023322,0.7311787295023322
4,112,0.7299164511068801,0.7299164511068801
4,113,0.7340799412426888,0.7340799412426888
4,114,0.7325505461656387,0.7325505461656387
4,115,0.7348599688668129,0.7348599688668129
4,116,0.7328212727232528,0.7328212727232528
4,117,0.7331860288382468,0.7331860288382468
4,118,0.7341861711619888,0.7341861711619888
4,119,0.7319601303894895,0.7319601303894895
4,120,0.7359615978480634,0.7359615978480634
4,121,0.734472490310154,0.734472490310154
4,122,0.7357250992845497,0.7357250992845497
4,123,0.7344329837117838,0.7344329837117838
4,124,0.7342561254226887,0.7342561254226887
4,125,0.7362925675443631,0.7362925675443631
4,126,0.7351133612730599,0.7351133612730599
4,127,0.7370516697280153,0.7370516697280153
4,128,0.7369001993669924,0.7369001993669924
4,129,0.7388158576886573,0.7388158576886573
4,130,0.7377367102334802,0.7377367102334802
4,131,0.7383333555367992,0.7383333555367992
4,132,0.7390672528128732,0.7390672528128732
4,133,0.7377860830368228,0.7377860830368228
4,134,0.7373425833087892,0.7373425833087892
4,135,0.73907827407081,0.73907827407081
4,136,0.7376917567049335,0.7376917567049335
4,137,0.7376939926500078,0.7376939926500078
4,138,0.7391346920702669,0.7391346920702669
4,139,0.7395945867809386,0.7395945867809386
4,140,0.7383752429883279,0.7383752429883279
4,141,0.7393909676803008,0.7393909676803008
4,142,0.7395456044464352,0.7395456044464352
4,143,0.7406704943497362,0.7406704943497362
4,144,0.7402747847806416,0.7402747847806416
4,145,0.7395686511169545,0.7395686511169545
4,146,0.7413537935389847,0.7413537935389847
4,147,0.7399072940024176,0.7399072940024176
4,148,0.7413582059246133,0.7413582059246133
4,149,0.7408825831961332,0.7408825831961332
4,150,0.7409828615076169,0.7409828615076169
4,151,0.7403177624385506,0.7403177624385506
4,152,0.7430294876030079,0.7430294876030079
4,153,0.7424478744861076,0.7424478744861076
4,154,0.7421827891876809,0.7421827891876809
4,155,0.7422248705996513,0.7422248705996513
4,156,0.7435381670351352,0.7435381670351352
4,157,0.7438188060791757,0.7438188060791757
4,158,0.7439344089488633,0.7439344089488633
4,159,0.7439894009990777,0.7439894009990777
4,160,0.7446924840710298,0.7446924840710298
4,161,0.7444466906438898,0.7444466906438898
4,162,0.7445344681087949,0.7445344681087949
4,163,0.7449231248586701,0.7449231248586701
4,164,0.7448581259183769,0.7448581259183769
4,165,0.7448441624019855,0.7448441624019855
4,166,0.7443407298496721,0.7443407298496721
4,167,0.7443301827943505,0.7443301827943505
4,168,0.7439873639149254,0.7439873639149254
4,169,0.7439832240223057,0.7439832240223057
4,170,0.7439486751552851,0.7439486751552851
4,171,0.7450881323735992,0.7450881323735992
4,172,0.745157083011456,0.745157083011456
4,173,0.7450398288930641,0.7450398288930641
4,174,0.7456245943078514,0.7456245943078514
4,175,0.7454811671803696,0.7454811671803696
4,176,0.7453600462530507,0.7453600462530507
4,177,0.7452666620503929,0.7452666620503929
4,178,0.7463631948287033,0.7463631948287033
4,179,0.7462663515730906,0.7462663515730906
4,180,0.7461477197974726,0.7461477197974726
4,181,0.74614594895618,0.74614594895618
4,182,0.7459015200179385,0.7459015200179385
4,183,0.7456435421201097,0.7456435421201097
4,184,0.7461907803426504,0.7461907803426504
4,185,0.74609540704492,0.74609540704492
4,186,0.7461217790613055,0.7461217790613055
4,187,0.7471103669317096,0.7471103669317096
4,188,0.7472257326282834,0.7472257326282834
4,189,0.7483361182297761,0.7483361182297761
4,190,0.7474644493299045,0.7474644493299045
5,1,0.16875235637307806,0.16875235637307806
5,2,0.17530257024480633,0.17530257024480633
5,3,0.33501365553082874,0.33501365553082874
5,4,0.3431022447880512,0.3431022447880512
5,5,0.36159651665864523,0.36159651665864523
5,6,0.4331361450920199,0.4331361450920199
5,7,0.4513168376548934,0.4513168376548934
5,8,0.4521749223921353,0.4521749223921353
5,9,0.4531898846862378,0.4531898846862378
5,10,0.4527072665391938,0.4527072665391938
5,11,0.45640199985964225,0.45640199985964225
5,12,0.4895786711582094,0.4895786711582094
5,13,0.4975158461384931,0.4975158461384931
5,14,0.5066352248849616,0.5066352248849616
5,15,0.5064917685781402,0.5064917685781402
5,16,0.5061469476503468,0.5061469476503468
5,17,0.5069709772511115,0.5069709772511115
5,18,0.5080957530507935,0.5080957530507935
5,19,0.521986926697223,0.521986926697223
5,20,0.5233383268071189,0.5233383268071189
5,21,0.5258561432560205,0.5258561432560205
5,22,0.5258001855214105,0.5258001855214105
5,23,0.5268942452529922,0.5268942452529922
5,24,0.5312654788055141,0.5312654788055141
5,25,0.534893535639416,0.534893535639416
5,26,0.5379728973077333,0.5379728973077333
5,27,0.5394767179071382,0.5394767179071382
5,28,0.538752503911226,0.538752503911226
5,29,0.5382020321654017,0.5382020321654017
5,30,0.5389950995637739,0.5389950995637739
5,31,0.556273180630636,0.556273180630636
5,32,0.553438476546787,0.553438476546787
5,33,0.5560090205101738,0.5560090205101738
5,34,0.5589930447021924,0.5589930447021924
5,35,0.5623942943747492,0.5623942943747492
5,36,0.5656858072641409,0.5656858072641409
5,37,0.5628195949916863,0.5628195949916863
5,38,0.5633602711219257,0.5633602711219257
5,39,0.5651743352648575,0.5651743352648575
5,40,0.5694108127366695,0.5694108127366695
5,41,0.5718485790968864,0.5718485790968864
5,42,0.5723411014966154,0.5723411014966154
5,43,0.5778414602840397,0.5778414602840397
5,44,0.5788609115061564,0.5788609115061564
5,45,0.5777419733749268,0.5777419733749268
5,46,0.5791816507954147,0.5791816507954147
5,47,0.5856498135959651,0.5856498135959651
5,48,0.5842426178030802,0.5842426178030802
5,49,0.5871757420264991,0.5871757420264991
5,50,0.5855168777577673,0.5855168777577673
5,51,0.5913972549010249,0.5913972549010249
5,52,0.5868857713580053,0.5868857713580053
5,53,0.5889589506480384,0.5889589506480384
5,54,0.5930081104880713,0.5930081104880713
5,55,0.595053822340553,0.595053822340553
5,56,0.5968983718136323,0.5968983718136323
5,57,0.5956054885231613,0.5956054885231613
5,58,0.5955814338301424,0.5955814338301424
5,59,0.597223154646886,0.597223154646886
5,60,0.5956901464844521,0.5956901464844521
5,61,0.5957032800969488,0.5957032800969488
5,62,0.5954581843595608,0.5954581843595608
5,63,0.5959067002587422,0.5959067002587422
5,64,0.5957163385246329,0.5957163385246329
5,65,0.5979849381535487,0.5979849381535487
5,66,0.5960358716603917,0.5960358716603917
5,67,0.5960648782616502,0.5960648782616502
5,68,0.5985265558883424,0.5985265558883424
5,69,0.6000540959347542,0.6000540959347542
5,70,0.6021501700375897,0.6021501700375897
5,71,0.6018206936370458,0.6018206936370458
5,72,0.6024674297878759,0.6024674297878759
5,73,0.600141286387023,0.600141286387023
5,74,0.6090908692334279,0.6090908692334279
5,75,0.6067512747130146,0.6067512747130146
5,76,0.6150006294380628,0.6150006294380628
5,77,0.6139383397150158,0.6139383397150158
5,78,0.614341580136232,0.614341580136232
5,79,0.6158956250425796,0.6158956250425796
5,80,0.6157590227160572,0.6157590227160572
5,81,0.6137836438710546,0.6137836438710546
5,82,0.6176064854162614,0.6176064854162614
5,83,0.618442380473731,0.618442380473731
5,84,0.6170955644752291,0.6170955644752291
5,85,0.6148959781075197,0.6148959781075197
5,86,0.6172917691444697,0.6172917691444697
5,87,0.6174349919456494,0.6174349919456494
5,88,0.6219237854711046,0.6219237854711046
5,89,0.6194610495164853,0.6194610495164853
5,90,0.621656319960403,0.621656319960403
5,91,0.6224977602652128,0.6224977602652128
5,92,0.621801094212678,0.621801094212678
5,93,0.6228782598712534,0.6228782598712534
5,94,0.6235936716950109,0.6235936716950109
5,95,0.6257305360605221,0.6257305360605221
5,96,0.627617135576982,0.627617135576982
5,97,0.6269105573852727,0.6269105573852727
5,98,0.6261190470525311,0.6261190470525311
5,99,0.6322687605797455,0.6322687605797455
5,100,0.6333649941048353,0.6333649941048353
5,101,0.6350362038582469,0.6350362038582469
5,102,0.6323222611890804,0.6323222611890804
5,103,0.6350418673786173,0.6350418673786173
5,104,0.6343546505446823,0.6343546505446823
5,105,0.636667552826661,0.636667552826661
5,106,0.6345325905987932,0.6345325905987932
5,107,0.6372003921210241,0.6372003921210241
5,108,0.6359826941308173,0.6359826941308173
5,109,0.6366817268578719,0.6366817268578719
5,110,0.6396517708056719,0.6396517708056719
5,111,0.6395665919516271,0.6395665919516271
5,112,0.6381325231436598,0.6381325231436598
5,113,0.6380587967256107,0.6380587967256107
5,114,0.6392479082736472,0.6392479082736472
5,115,0.639634159420065,0.639634159420065
5,116,0.6429599378045678,0.6429599378045678
5,117,0.6390307829654331,0.6390307829654331
5,118,0.6409841666976414,0.6409841666976414
5,119,0.6415736012430379,0.6415736012430379
5,120,0.645644482736486,0.645644482736486
5,121,0.6433977960051873,0.6433977960051873
5,122,0.6470067992604335,0.6470067992604335
5,123,0.6476549248528907,0.6476549248528907
5,124,0.6464603563514377,0.6464603563514377
5,125,0.6461575660107685,0.6461575660107685
5,126,0.6481603506653457,0.6481603506653457
5,127,0.6476915270624539,0.6476915270624539
5,128,0.6481149561027646,0.6481149561027646
5,129,0.6482061889190719,0.6482061889190719
5,130,0.6505617822291181,0.6505617822291181
5,131,0.6492363607848547,0.6492363607848547
5,132,0.6502997555990044,0.6502997555990044
5,133,0.6497835593580885,0.6497835593580885
5,134,0.6528104141503119,0.6528104141503119
5,135,0.6520018954885658,0.6520018954885658
5,136,0.6530167118083319,0.6530167118083319
5,137,0.6531709604690416,0.6531709604690416
5,138,0.6531470625654688,0.6531470625654688
5,139,0.6534608075170374,0.6534608075170374
5,140,0.6530782279398878,0.6530782279398878
5,141,0.6557976746352593,0.6557976746352593
5,142,0.6561610206104405,0.6561610206104405
5,143,0.6565835511377456,0.6565835511377456
5,144,0.6566594564244495,0.6566594564244495
5,145,0.6570594125533297,0.6570594125533297
5,146,0.6591818132704957,0.6591818132704957
5,147,0.658865988020413,0.658865988020413
5,148,0.6582811876430205,0.6582811876430205
5,149,0.6591689371457088,0.6591689371457088
5,150,0.6590993579354876,0.6590993579354876
5,151,0.66078455517351,0.66078455517351
5,152,0.6618365899170897,0.6618365899170897
5,153,0.6602715889898673,0.6602715889898673
5,154,0.6619849165218192,0.6619849165218192
5,155,0.6634325679921227,0.6634325679921227
5,156,0.6633804584499263,0.6633804584499263
5,157,0.6634547112407739,0.6634547112407739
5,158,0.6636376535841516,0.6636376535841516
5,159,0.6637910434381529,0.6637910434381529
5,160,0.6644758392607244,0.6644758392607244
5,161,0.6645686112383441,0.6645686112383441
5,162,0.6642782755394033,0.6642782755394033
5,163,0.6647575486364675,0.6647575486364675
5,164,0.6648711540361576,0.6648711540361576
5,165,0.6658164920010115,0.6658164920010115
5,166,0.6657629957667781,0.6657629957667781
5,167,0.6655177632420881,0.6655177632420881
5,168,0.6657488381554,0.6657488381554
5,169,0.665658268899384,0.665658268899384
5,170,0.6656819529279915,0.6656819529279915
5,171,0.6675873711035984,0.6675873711035984
5,172,0.6676173758966322,0.6676173758966322
5,173,0.6690054229264741,0.6690054229264741
5,174,0.6690545021777983,0.6690545021777983
5,175,0.6697811218523229,0.6697811218523229
5,176,0.6696918957009035,0.6696918957009035
5,177,0.6697157702499095,0.6697157702499095
5,178,0.6701245129315105,0.6701245129315105
5,179,0.6703030446140745,0.6703030446140745
5,180,0.670317155474931,0.670317155474931
5,181,0.670822647901034,0.670822647901034
5,182,0.6711028270005628,0.6711028270005628
5,183,0.671155238262922,0.671155238262922
5,184,0.6722712413954661,0.6722712413954661
5,185,0.6722672791288442,0.6722672791288442
5,186,0.6722780715718689,0.6722780715718689
5,187,0.6729041599874874,0.6729041599874874
5,188,0.6740371311148612,0.6740371311148612
5,189,0.6736765842736969,0.6736765842736969
5,190,0.6738150328697399,0.6738150328697399
