fold,dim,variance,r2
1,1,0.2523849162307532,0.2523849162307532
1,2,0.2605529574884655,0.2605529574884655
1,3,0.4840908458751745,0.4840908458751745
1,4,0.49104860309073717,0.49104860309073717
1,5,0.5156950480804263,0.5156950480804263
1,6,0.6044975196960958,0.6044975196960958
1,7,0.6300240598582267,0.6300240598582267
1,8,0.629280747062487,0.629280747062487
1,9,0.6273677085274514,0.6273677085274514
1,10,0.6279570577582219,0.6279570577582219
1,11,0.6324943280831604,0.6324943280831604
1,12,0.6755921047580986,0.6755921047580986
1,13,0.689963788564895,0.689963788564895
1,14,0.7008575617940143,0.7008575617940143
1,15,0.7011717763891372,0.7011717763891372
1,16,0.7021039238848459,0.7021039238848459
1,17,0.7016980073334496,0.7016980073334496
1,18,0.7022609200078225,0.7022609200078225
1,19,0.7236299849644621,0.7236299849644621
1,20,0.7241797154354288,0.7241797154354288
1,21,0.7256759260846346,0.7256759260846346
1,22,0.7281231212587012,0.7281231212587012
1,23,0.7332337446283483,0.7332337446283483
1,24,0.7363427846807555,0.7363427846807555
1,25,0.7368842377863469,0.7368842377863469
1,26,0.7440890234607129,0.7440890234607129
1,27,0.7450660764842134,0.7450660764842134
1,28,0.7456663775273218,0.7456663775273218
1,29,0.7460680396465342,0.7460680396465342
1,30,0.745959112321571,0.745959112321571
1,31,0.7614695007223211,0.7614695007223211
1,32,0.7617415476044826,0.7617415476044826
1,33,0.7682245981985943,0.7682245981985943
1,34,0.7687682902010604,0.7687682902010604
1,35,0.7760992138271461,0.7760992138271461
1,36,0.7746286441669054,0.7746286441669054
1,37,0.775656993957208,0.775656993957208
1,38,0.7820651113559809,0.7820651113559809
1,39,0.781927139560301,0.781927139560301
1,40,0.7848221597240197,0.7848221597240197
1,41,0.7923281917537752,0.7923281917537752
1,42,0.7932703768921033,0.7932703768921033
1,43,0.7949623264822243,0.7949623264822243
1,44,0.7971566515113372,0.7971566515113372
1,45,0.7991211966769711,0.7991211966769711
1,46,0.8006297588333475,0.8006297588333475
1,47,0.8011298725751879,0.8011298725751879
1,48,0.8041032655773838,0.8041032655773838
1,49,0.8012506404503135,0.8012506404503135
1,50,0.8052096398029351,0.8052096398029351
1,51,0.8064612847653667,0.8064612847653667
1,52,0.8065352361370928,0.8065352361370928
1,53,0.8078350549618782,0.8078350549618782
1,54,0.8089671038127232,0.8089671038127232
1,55,0.8114377641553255,0.8114377641553255
1,56,0.8096997025833248,0.8096997025833248
1,57,0.8080789677329451,0.8080789677329451
1,58,0.8139316737304161,0.8139316737304161
1,59,0.8141167981858684,0.8141167981858684
1,60,0.8144395362570375,0.8144395362570375
1,61,0.8150753068234736,0.8150753068234736
1,62,0.8162540481450351,0.8162540481450351
1,63,0.8170424735968218,0.8170424735968218
1,64,0.8128650351351856,0.8128650351351856
1,65,0.8151474235614184,0.8151474235614184
1,66,0.8155768038835041,0.8155768038835041
1,67,0.8179581042587788,0.8179581042587788
1,68,0.816652303804197,0.816652303804197
1,69,0.8196496871358082,0.8196496871358082
1,70,0.8200762383682054,0.8200762383682054
1,71,0.8186484094451987,0.8186484094451987
1,72,0.8175660723687899,0.8175660723687899
1,73,0.8185753857513709,0.8185753857513709
1,74,0.8199031387222979,0.8199031387222979
1,75,0.8196281676201393,0.8196281676201393
1,76,0.8246045477706164,0.8246045477706164
1,77,0.8224593453711981,0.8224593453711981
1,78,0.8266614584532637,0.8266614584532637
1,79,0.8247145490396498,0.8247145490396498
1,80,0.8248195881699223,0.8248195881699223
1,81,0.8256360059033963,0.8256360059033963
1,82,0.8282670426049891,0.8282670426049891
1,83,0.8266065037800585,0.8266065037800585
1,84,0.8268631765311242,0.8268631765311242
1,85,0.8287122194691932,0.8287122194691932
1,86,0.8276701599601995,0.8276701599601995
1,87,0.8289864103520056,0.8289864103520056
1,88,0.8280890065971668,0.8280890065971668
1,89,0.8291322669167913,0.8291322669167913
1,90,0.8298688420379602,0.8298688420379602
1,91,0.8298925577545684,0.8298925577545684
1,92,0.8289165519927336,0.8289165519927336
1,93,0.8318209788354076,0.8318209788354076
1,94,0.8313929278817394,0.8313929278817394
1,95,0.8348332219917811,0.8348332219917811
1,96,0.8349873072500343,0.8349873072500343
1,97,0.8346991289376252,0.8346991289376252
1,98,0.8365545541469943,0.8365545541469943
1,99,0.8381566590979482,0.8381566590979482
1,100,0.8423576682257239,0.8423576682257239
1,101,0.8409247615704946,0.8409247615704946
1,102,0.8371786927363974,0.8371786927363974
1,103,0.8401722417476064,0.8401722417476064
1,104,0.8429213345140312,0.8429213345140312
1,105,0.8417543471335683,0.8417543471335683
1,106,0.8405628781744767,0.8405628781744767
1,107,0.8409173188724199,0.8409173188724199
1,108,0.8414737452863869,0.8414737452863869
1,109,0.8410121899510992,0.8410121899510992
1,110,0.8419520456858356,0.8419520456858356
1,111,0.8437522339330619,0.8437522339330619
1,112,0.8408754663829034,0.8408754663829034
1,113,0.8423216701263085,0.8423216701263085
1,114,0.8431369305937056,0.8431369305937056
1,115,0.8431755539673886,0.8431755539673886
1,116,0.8417536941827983,0.8417536941827983
1,117,0.8438576087720007,0.8438576087720007
1,118,0.8429515945205275,0.8429515945205275
1,119,0.8442879051415018,0.8442879051415018
1,120,0.8463248042563731,0.8463248042563731
1,121,0.844737418758557,0.844737418758557
1,122,0.8435417443347132,0.8435417443347132
1,123,0.8451708114213803,0.8451708114213803
1,124,0.8453935028509816,0.8453935028509816
1,125,0.8476116297310753,0.8476116297310753
1,126,0.8444373563292004,0.8444373563292004
1,127,0.8450479796459883,0.8450479796459883
1,128,0.845052669509663,0.845052669509663
1,129,0.8434869436380502,0.8434869436380502
1,130,0.8450147584653553,0.8450147584653553
1,131,0.8447465298787098,0.8447465298787098
1,132,0.8452444342442046,0.8452444342442046
1,133,0.8444407130656204,0.8444407130656204
1,134,0.846693338311608,0.846693338311608
1,135,0.8463230040540103,0.8463230040540103
1,136,0.8480773046059569,0.8480773046059569
1,137,0.8447191683131758,0.8447191683131758
1,138,0.8462907930203628,0.8462907930203628
1,139,0.848142557839576,0.848142557839576
1,140,0.8475227363668358,0.8475227363668358
1,141,0.8501816875959134,0.8501816875959134
1,142,0.8495207593339441,0.8495207593339441
1,143,0.8486783487134547,0.8486783487134547
1,144,0.8496725806780719,0.8496725806780719
1,145,0.8482054039613677,0.8482054039613677
1,146,0.8489731917927685,0.8489731917927685
1,147,0.8472639058881339,0.8472639058881339
1,148,0.8488377190315842,0.8488377190315842
1,149,0.8466093757064728,0.8466093757064728
1,150,0.8478840919309895,0.8478840919309895
1,151,0.844644841738604,0.844644841738604
1,152,0.8472070108482134,0.8472070108482134
1,153,0.8469676653088202,0.8469676653088202
1,154,0.847249958310913,0.847249958310913
1,155,0.8466047804151454,0.8466047804151454
1,156,0.8466483990490455,0.8466483990490455
1,157,0.8467329699664448,0.8467329699664448
1,158,0.8471720557977901,0.8471720557977901
1,159,0.847912234780864,0.847912234780864
1,160,0.8479756081710339,0.8479756081710339
1,161,0.8470492583183062,0.8470492583183062
1,162,0.8473497123940275,0.8473497123940275
1,163,0.8474707363883529,0.8474707363883529
1,164,0.8470434883410367,0.8470434883410367
1,165,0.8480702808480731,0.8480702808480731
1,166,0.8476752690382933,0.8476752690382933
1,167,0.8474873462031444,0.8474873462031444
1,168,0.8475093506701941,0.8475093506701941
1,169,0.8473888899983606,0.8473888899983606
1,170,0.847384875560361,0.847384875560361
1,171,0.8483406846751402,0.8483406846751402
1,172,0.8479650463769842,0.8479650463769842
1,173,0.8478160339340417,0.8478160339340417
1,174,0.8471130366688517,0.8471130366688517
1,175,0.8461034033919693,0.8461034033919693
1,176,0.8461263234019286,0.8461263234019286
1,177,0.8458672686132713,0.8458672686132713
1,178,0.8471536641748962,0.8471536641748962
1,179,0.8471773055874756,0.8471773055874756
1,180,0.8477161228311199,0.8477161228311199
1,181,0.8476020024406045,0.8476020024406045
1,182,0.8476391827990681,0.8476391827990681
1,183,0.8479602005659164,0.8479602005659164
1,184,0.8476743789878316,0.8476743789878316
1,185,0.8474202908312116,0.8474202908312116
1,186,0.8473343786976508,0.8473343786976508
1,187,0.8478764860948614,0.8478764860948614
1,188,0.8481254555617214,0.8481254555617214
1,189,0.8473977885940669,0.8473977885940669
1,190,0.8458430713950534,0.8458430713950534
2,1,0.19311902444898998,0.19311902444898998
2,2,0.20393584832567102,0.20393584832567102
2,3,0.3581442516096939,0.3581442516096939
2,4,0.36409832968710054,0.36409832968710054
2,5,0.38377613803318533,0.38377613803318533
2,6,0.4640413481209983,0.4640413481209983
2,7,0.48257331530639114,0.48257331530639114
2,8,0.4838084390174814,0.4838084390174814
2,9,0.4852542100057744,0.4852542100057744
2,10,0.48515671588209697,0.48515671588209697
2,11,0.4880211185899914,0.4880211185899914
2,12,0.5154359399177098,0.5154359399177098
2,13,0.5258943250481083,0.5258943250481083
2,14,0.5326926844531923,0.5326926844531923
2,15,0.5328268379261953,0.5328268379261953
2,16,0.5333913559652995,0.5333913559652995
2,17,0.534526639482878,0.534526639482878
2,18,0.5347439299677963,0.5347439299677963
2,19,0.5496525081105199,0.5496525081105199
2,20,0.5537247591546788,0.5537247591546788
2,21,0.5530405802366185,0.5530405802366185
2,22,0.5561855746868491,0.5561855746868491
2,23,0.5562554647650811,0.5562554647650811
2,24,0.5607350043334329,0.5607350043334329
2,25,0.5584929781793964,0.5584929781793964
2,26,0.5674346884330563,0.5674346884330563
2,27,0.5665367544591933,0.5665367544591933
2,28,0.5663432747300738,0.5663432747300738
2,29,0.5655492686611362,0.5655492686611362
2,30,0.5658102385598129,0.5658102385598129
2,31,0.568914111472804,0.568914111472804
2,32,0.5758525873892898,0.5758525873892898
2,33,0.5824089935189539,0.5824089935189539
2,34,0.5812984492258864,0.5812984492258864
2,35,0.5853065988720562,0.5853065988720562
2,36,0.5867994322195208,0.5867994322195208
2,37,0.5887330800369648,0.5887330800369648
2,38,0.5899612903835068,0.5899612903835068
2,39,0.5927719845718,0.5927719845718
2,40,0.5939341997568187,0.5939341997568187
2,41,0.5989956693075373,0.5989956693075373
2,42,0.6005349391427481,0.6005349391427481
2,43,0.6035691086171497,0.6035691086171497
2,44,0.6040199331489735,0.6040199331489735
2,45,0.6045119998511295,0.6045119998511295
2,46,0.607566667770654,0.607566667770654
2,47,0.6088279607396011,0.6088279607396011
2,48,0.6115893871626706,0.6115893871626706
2,49,0.6110792863725015,0.6110792863725015
2,50,0.6105420387017415,0.6105420387017415
2,51,0.6148854371653953,0.6148854371653953
2,52,0.6143693407798398,0.6143693407798398
2,53,0.6169308578740402,0.6169308578740402
2,54,0.618887911457036,0.618887911457036
2,55,0.6192430248944747,0.6192430248944747
2,56,0.6198525684742606,0.6198525684742606
2,57,0.6184759500127273,0.6184759500127273
2,58,0.6213180211948788,0.6213180211948788
2,59,0.6197235387974249,0.6197235387974249
2,60,0.6227605004179743,0.6227605004179743
2,61,0.6210017496226539,0.6210017496226539
2,62,0.621769148967195,0.621769148967195
2,63,0.6221630912176074,0.6221630912176074
2,64,0.6231577211763781,0.6231577211763781
2,65,0.6235347527322547,0.6235347527322547
2,66,0.6234529013890551,0.6234529013890551
2,67,0.6242440504944782,0.6242440504944782
2,68,0.6288163561227891,0.6288163561227891
2,69,0.6304229890458231,0.6304229890458231
2,70,0.6303208297121989,0.6303208297121989
2,71,0.6259635742017702,0.6259635742017702
2,72,0.6304997230303488,0.6304997230303488
2,73,0.6315179521167181,0.6315179521167181
2,74,0.6333404850786816,0.6333404850786816
2,75,0.6406680020914839,0.6406680020914839
2,76,0.6353790554423182,0.6353790554423182
2,77,0.639279208465503,0.639279208465503
2,78,0.6395058796895672,0.6395058796895672
2,79,0.638481957244136,0.638481957244136
2,80,0.6420312826709357,0.6420312826709357
2,81,0.6422595638634232,0.6422595638634232
2,82,0.6437510397046315,0.6437510397046315
2,83,0.6458436217836416,0.6458436217836416
2,84,0.6437471650326457,0.6437471650326457
2,85,0.6441999147506078,0.6441999147506078
2,86,0.6477132708805606,0.6477132708805606
2,87,0.6466270392935697,0.6466270392935697
2,88,0.6476801448487451,0.6476801448487451
2,89,0.6466703993162741,0.6466703993162741
2,90,0.6480359541669303,0.6480359541669303
2,91,0.6517196645663386,0.6517196645663386
2,92,0.6482863561046818,0.6482863561046818
2,93,0.6514586665764528,0.6514586665764528
2,94,0.6498788441205055,0.6498788441205055
2,95,0.6540834783978724,0.6540834783978724
2,96,0.6561453328787099,0.6561453328787099
2,97,0.6560846189961836,0.6560846189961836
2,98,0.6635541163463601,0.6635541163463601
2,99,0.6613827548666631,0.6613827548666631
2,100,0.663651535635036,0.663651535635036
2,101,0.6668314802031612,0.6668314802031612
2,102,0.6656592600338194,0.6656592600338194
2,103,0.6666129899122328,0.6666129899122328
2,104,0.6679905077010212,0.6679905077010212
2,105,0.668060207270642,0.668060207270642
2,106,0.6691480953316642,0.6691480953316642
2,107,0.6675703557691217,0.6675703557691217
2,108,0.6689033164032026,0.6689033164032026
2,109,0.6687719665756473,0.6687719665756473
2,110,0.6687829039494562,0.6687829039494562
2,111,0.6698728768460914,0.6698728768460914
2,112,0.6706018971671506,0.6706018971671506
2,113,0.6743135958044173,0.6743135958044173
2,114,0.6716258128698398,0.6716258128698398
2,115,0.6714176753647434,0.6714176753647434
2,116,0.6733243758261123,0.6733243758261123
2,117,0.6714080513044833,0.6714080513044833
2,118,0.6736237322037857,0.6736237322037857
2,119,0.6773573413938128,0.6773573413938128
2,120,0.6757662698860919,0.6757662698860919
2,121,0.6778662650627355,0.6778662650627355
2,122,0.6783908174476746,0.6783908174476746
2,123,0.6771160057857589,0.6771160057857589
2,124,0.6786099912416936,0.6786099912416936
2,125,0.6784682854931922,0.6784682854931922
2,126,0.6787151445063822,0.6787151445063822
2,127,0.6792113130800344,0.6792113130800344
2,128,0.6792079481350622,0.6792079481350622
2,129,0.6797584887018275,0.6797584887018275
2,130,0.6792846594224661,0.6792846594224661
2,131,0.6817946203584978,0.6817946203584978
2,132,0.6798246647540478,0.6798246647540478
2,133,0.6831397841880584,0.6831397841880584
2,134,0.6845682947025153,0.6845682947025153
2,135,0.6809056247990501,0.6809056247990501
2,136,0.6822278319617039,0.6822278319617039
2,137,0.6827760464838847,0.6827760464838847
2,138,0.6835321742941357,0.6835321742941357
2,139,0.6837682835215878,0.6837682835215878
2,140,0.6845476575978922,0.6845476575978922
2,141,0.6847641604217694,0.6847641604217694
2,142,0.6878484566353193,0.6878484566353193
2,143,0.687369481716503,0.687369481716503
2,144,0.6865424204189592,0.6865424204189592
2,145,0.6875219488730835,0.6875219488730835
2,146,0.6914049336993866,0.6914049336993866
2,147,0.6894686122989807,0.6894686122989807
2,148,0.6910976898337566,0.6910976898337566
2,149,0.6898281545611724,0.6898281545611724
2,150,0.6907256981772456,0.6907256981772456
2,151,0.6925699957568093,0.6925699957568093
2,152,0.6914330954435192,0.6914330954435192
2,153,0.6917121636399493,0.6917121636399493
2,154,0.692229586407227,0.692229586407227
2,155,0.6936616810297369,0.6936616810297369
2,156,0.6947272813182395,0.6947272813182395
2,157,0.6955801466615774,0.6955801466615774
2,158,0.6953780133290781,0.6953780133290781
2,159,0.6953994264194125,0.6953994264194125
2,160,0.6953205317882105,0.6953205317882105
2,161,0.6964545640387777,0.6964545640387777
2,162,0.6963301849461874,0.6963301849461874
2,163,0.6962717799647851,0.6962717799647851
2,164,0.6963054256991354,0.6963054256991354
2,165,0.6969584939549709,0.6969584939549709
2,166,0.6968967925862242,0.6968967925862242
2,167,0.6969246551505941,0.6969246551505941
2,168,0.6969234835161566,0.6969234835161566
2,169,0.6969442944194957,0.6969442944194957
2,170,0.6969263834753625,0.6969263834753625
2,171,0.6979407155417743,0.6979407155417743
2,172,0.6978849850665905,0.6978849850665905
2,173,0.6981974136509,0.6981974136509
2,174,0.697547058616933,0.697547058616933
2,175,0.6978996880493777,0.6978996880493777
2,176,0.6979653770613723,0.6979653770613723
2,177,0.6980582547091716,0.6980582547091716
2,178,0.6996653344840076,0.6996653344840076
2,179,0.6995884397177108,0.6995884397177108
2,180,0.6997239985333259,0.6997239985333259
2,181,0.6998175708072831,0.6998175708072831
2,182,0.7002022936025006,0.7002022936025006
2,183,0.700191512875323,0.700191512875323
2,184,0.7014086049004674,0.7014086049004674
2,185,0.7016400147035354,0.7016400147035354
2,186,0.7016618162094852,0.7016618162094852
2,187,0.702153625107409,0.702153625107409
2,188,0.7038950650102822,0.7038950650102822
2,189,0.7047203822924315,0.7047203822924315
2,190,0.7042888711877069,0.7042888711877069
3,1,0.17839126426978424,0.17839126426978424
3,2,0.18811821280978314,0.18811821280978314
3,3,0.3488563264350656,0.3488563264350656
3,4,0.3548982422733914,0.3548982422733914
3,5,0.37489561958687323,0.37489561958687323
3,6,0.4479195318562246,0.4479195318562246
3,7,0.4667657707990849,0.4667657707990849
3,8,0.4672211230319423,0.4672211230319423
3,9,0.46825918421755797,0.46825918421755797
3,10,0.4684326134808622,0.4684326134808622
3,11,0.47272528215869125,0.47272528215869125
3,12,0.5071977523259639,0.5071977523259639
3,13,0.5150516055211367,0.5150516055211367
3,14,0.5261384782520294,0.5261384782520294
3,15,0.5272238944963297,0.5272238944963297
3,16,0.5274525735282949,0.5274525735282949
3,17,0.5279086783417448,0.5279086783417448
3,18,0.5290372368504546,0.5290372368504546
3,19,0.5429569220194934,0.5429569220194934
3,20,0.5429034517155706,0.5429034517155706
3,21,0.5437182391547415,0.5437182391547415
3,22,0.54852007154061,0.54852007154061
3,23,0.5515753892582458,0.5515753892582458
3,24,0.5558664330280602,0.5558664330280602
3,25,0.5574788219303715,0.5574788219303715
3,26,0.5602050901190222,0.5602050901190222
3,27,0.5635683603537964,0.5635683603537964
3,28,0.5641612623378311,0.5641612623378311
3,29,0.5631163543649538,0.5631163543649538
3,30,0.563132819694351,0.563132819694351
3,31,0.5703519771453729,0.5703519771453729
3,32,0.57402857688746,0.57402857688746
3,33,0.5781154426726508,0.5781154426726508
3,34,0.5841165418846077,0.5841165418846077
3,35,0.5889406075992827,0.5889406075992827
3,36,0.5901080256266108,0.5901080256266108
3,37,0.5889434683417141,0.5889434683417141
3,38,0.5899557754834761,0.5899557754834761
3,39,0.5915255090262657,0.5915255090262657
3,40,0.5970589634067174,0.5970589634067174
3,41,0.6015520507138881,0.6015520507138881
3,42,0.6001611108437246,0.6001611108437246
3,43,0.6036869620802965,0.6036869620802965
3,44,0.6035794216879197,0.6035794216879197
3,45,0.6047159273706209,0.6047159273706209
3,46,0.6064615647842283,0.6064615647842283
3,47,0.6086494506995979,0.6086494506995979
3,48,0.6120444744963697,0.6120444744963697
3,49,0.6128317955818084,0.6128317955818084
3,50,0.6175028521088728,0.6175028521088728
3,51,0.6136452572138451,0.6136452572138451
3,52,0.6120685512785621,0.6120685512785621
3,53,0.6184854786890678,0.6184854786890678
3,54,0.6216919805229516,0.6216919805229516
3,55,0.6220032038679716,0.6220032038679716
3,56,0.624263546062197,0.624263546062197
3,57,0.6215032996055341,0.6215032996055341
3,58,0.6224909025570982,0.6224909025570982
3,59,0.6217572661055744,0.6217572661055744
3,60,0.625907193518824,0.625907193518824
3,61,0.6286051845081778,0.6286051845081778
3,62,0.6274604509354482,0.6274604509354482
3,63,0.6283677168382126,0.6283677168382126
3,64,0.6266338143354033,0.6266338143354033
3,65,0.6270105368156385,0.6270105368156385
3,66,0.6261678604572415,0.6261678604572415
3,67,0.6294334604819577,0.6294334604819577
3,68,0.6307449774706784,0.6307449774706784
3,69,0.6311341771149362,0.6311341771149362
3,70,0.6332334604643636,0.6332334604643636
3,71,0.6349216354846688,0.6349216354846688
3,72,0.639235935141405,0.639235935141405
3,73,0.6356580401201222,0.6356580401201222
3,74,0.638506323125424,0.638506323125424
3,75,0.642801216437,0.642801216437
3,76,0.6401655882065738,0.6401655882065738
3,77,0.6454729649603272,0.6454729649603272
3,78,0.6463216191772014,0.6463216191772014
3,79,0.6470689675056657,0.6470689675056657
3,80,0.6455839762996385,0.6455839762996385
3,81,0.6533319239352191,0.6533319239352191
3,82,0.649828734872691,0.649828734872691
3,83,0.6494400821600018,0.6494400821600018
3,84,0.6502724083084792,0.6502724083084792
3,85,0.650766578043133,0.650766578043133
3,86,0.6546746254926934,0.6546746254926934
3,87,0.6537683792670063,0.6537683792670063
3,88,0.651926232308986,0.651926232308986
3,89,0.6543610257411332,0.6543610257411332
3,90,0.6517424029968781,0.6517424029968781
3,91,0.6554244211278752,0.6554244211278752
3,92,0.6571299798317126,0.6571299798317126
3,93,0.6558441678277103,0.6558441678277103
3,94,0.6599949458626471,0.6599949458626471
3,95,0.6623897815536385,0.6623897815536385
3,96,0.6603779967787321,0.6603779967787321
3,97,0.6629180499056767,0.6629180499056767
3,98,0.6599752159580707,0.6599752159580707
3,99,0.6610632974687154,0.6610632974687154
3,100,0.6670013963795572,0.6670013963795572
3,101,0.6637169019995682,0.6637169019995682
3,102,0.6660211778894027,0.6660211778894027
3,103,0.6683223553549041,0.6683223553549041
3,104,0.6700536156486727,0.6700536156486727
3,105,0.6709597996711385,0.6709597996711385
3,106,0.6729724968662432,0.6729724968662432
3,107,0.6721233180612224,0.6721233180612224
3,108,0.6695050424040059,0.6695050424040059
3,109,0.6698249279676098,0.6698249279676098
3,110,0.67552051740682,0.67552051740682
3,111,0.6739473071397972,0.6739473071397972
3,112,0.675582865663807,0.675582865663807
3,113,0.6758646124645993,0.6758646124645993
3,114,0.6767073495522831,0.6767073495522831
3,115,0.6761305551966268,0.6761305551966268
3,116,0.6770115357171809,0.6770115357171809
3,117,0.6773272481068008,0.6773272481068008
3,118,0.6779634106908934,0.6779634106908934
3,119,0.6789103615018297,0.6789103615018297
3,120,0.6791316488866019,0.6791316488866019
3,121,0.6810887129058116,0.6810887129058116
3,122,0.6808810809548744,0.6808810809548744
3,123,0.6805166412306183,0.6805166412306183
3,124,0.6822583873375361,0.6822583873375361
3,125,0.6825450085441442,0.6825450085441442
3,126,0.6816481972372566,0.6816481972372566
3,127,0.6809840727853116,0.6809840727853116
3,128,0.6846293335813537,0.6846293335813537
3,129,0.6833240463104504,0.6833240463104504
3,130,0.6846391921189667,0.6846391921189667
3,131,0.6831925147334347,0.6831925147334347
3,132,0.6843481976615526,0.6843481976615526
3,133,0.6850823662790901,0.6850823662790901
3,134,0.6876559269943563,0.6876559269943563
3,135,0.6839602564499763,0.6839602564499763
3,136,0.6863143021083884,0.6863143021083884
3,137,0.6856002947417166,0.6856002947417166
3,138,0.6872436631613271,0.6872436631613271
3,139,0.6873277160524225,0.6873277160524225
3,140,0.6891167006559662,0.6891167006559662
3,141,0.688096021735857,0.688096021735857
3,142,0.6888170766354154,0.6888170766354154
3,143,0.6908924043991229,0.6908924043991229
3,144,0.6922115146247358,0.6922115146247358
3,145,0.6922722670602417,0.6922722670602417
3,146,0.6930262877193879,0.6930262877193879
3,147,0.6916261163314308,0.6916261163314308
3,148,0.6943099664268543,0.6943099664268543
3,149,0.6951692107324102,0.6951692107324102
3,150,0.6954532418081365,0.6954532418081365
3,151,0.6959881290564762,0.6959881290564762
3,152,0.6959964322341134,0.6959964322341134
3,153,0.6971045736606425,0.6971045736606425
3,154,0.6975512340333343,0.6975512340333343
3,155,0.6982807358632841,0.6982807358632841
3,156,0.6986665018261868,0.6986665018261868
3,157,0.6984474188432253,0.6984474188432253
3,158,0.6988358779577921,0.6988358779577921
3,159,0.6985678547012136,0.6985678547012136
3,160,0.7001695404892981,0.7001695404892981
3,161,0.7004369614106436,0.7004369614106436
3,162,0.7006911363608,0.7006911363608
3,163,0.7011241311837902,0.7011241311837902
3,164,0.7012372688866275,0.7012372688866275
3,165,0.7018872039576496,0.7018872039576496
3,166,0.7018192498373326,0.7018192498373326
3,167,0.701860413135812,0.701860413135812
3,168,0.7019798984206307,0.7019798984206307
3,169,0.7019812849986828,0.7019812849986828
3,170,0.7017520895021292,0.7017520895021292
3,171,0.702957622037937,0.702957622037937
3,172,0.7030874481923846,0.7030874481923846
3,173,0.7039330877133652,0.7039330877133652
3,174,0.7038138579391124,0.7038138579391124
3,175,0.7040846154320375,0.7040846154320375
3,176,0.7042788732992509,0.7042788732992509
3,177,0.7041560647461478,0.7041560647461478
3,178,0.7049824545214873,0.7049824545214873
3,179,0.7055252242755508,0.7055252242755508
3,180,0.7054282609007928,0.7054282609007928
3,181,0.7054029056554585,0.7054029056554585
3,182,0.7054272995220073,0.7054272995220073
3,183,0.7054161051966021,0.7054161051966021
3,184,0.7053433586205905,0.7053433586205905
3,185,0.7060106413325546,0.7060106413325546
3,186,0.7060758878957185,0.7060758878957185
3,187,0.7064271162798925,0.7064271162798925
3,188,0.7080959393794185,0.7080959393794185
3,189,0.709708687481797,0.709708687481797
3,190,0.7097443884241652,0.7097443884241652
4,1,0.16417035180938044,0.16417035180938044
4,2,0.1709164691520263,0.1709164691520263
4,3,0.2807417345815344,0.2807417345815344
4,4,0.2856422058425099,0.2856422058425099
4,5,0.2959012873913367,0.2959012873913367
4,6,0.34802026162382615,0.34802026162382615
4,7,0.3588702009633695,0.3588702009633695
4,8,0.35943096704300426,0.35943096704300426
4,9,0.36054104094516404,0.36054104094516404
4,10,0.3606836657362642,0.3606836657362642
4,11,0.36376661452407677,0.36376661452407677
4,12,0.3898420663730361,0.3898420663730361
4,13,0.39436317467328896,0.39436317467328896
4,14,0.4007252825627352,0.4007252825627352
4,15,0.4010397295736592,0.4010397295736592
4,16,0.4013175116398505,0.4013175116398505
4,17,0.4019992069211964,0.4019992069211964
4,18,0.40211467217976504,0.40211467217976504
4,19,0.4133457934165756,0.4133457934165756
4,20,0.4133971696044936,0.4133971696044936
4,21,0.41383801725129865,0.41383801725129865
4,22,0.4165461945611323,0.4165461945611323
4,23,0.41876465882978453,0.41876465882978453
4,24,0.4187088721885658,0.4187088721885658
4,25,0.42049549210973514,0.42049549210973514
4,26,0.42606340794655617,0.42606340794655617
4,27,0.42599935663934885,0.42599935663934885
4,28,0.42643894096232404,0.42643894096232404
4,29,0.42563922701150414,0.42563922701150414
4,30,0.4264200187531275,0.4264200187531275
4,31,0.426278263671657,0.426278263671657
4,32,0.43090291293095817,0.43090291293095817
4,33,0.430365617113995,0.430365617113995
4,34,0.4331493351574335,0.4331493351574335
4,35,0.43660732789455103,0.43660732789455103
4,36,0.4392748690774443,0.4392748690774443
4,37,0.4389804729626112,0.4389804729626112
4,38,0.43915368149924716,0.43915368149924716
4,39,0.4376270622236955,0.4376270622236955
4,40,0.44531837568526844,0.44531837568526844
4,41,0.44602878894144193,0.44602878894144193
4,42,0.44324495667065433,0.44324495667065433
4,43,0.4479268078162886,0.4479268078162886
4,44,0.44644478273537724,0.44644478273537724
4,45,0.4487515619617969,0.4487515619617969
4,46,0.4493812414519296,0.4493812414519296
4,47,0.4502092946980245,0.4502092946980245
4,48,0.45340006951497713,0.45340006951497713
4,49,0.45313747036298113,0.45313747036298113
4,50,0.4535542224782294,0.4535542224782294
4,51,0.457149735975681,0.457149735975681
4,52,0.45668905169769103,0.45668905169769103
4,53,0.4616080946776705,0.4616080946776705
4,54,0.45875891683671255,0.45875891683671255
4,55,0.46383056068155404,0.46383056068155404
4,56,0.46362349043227813,0.46362349043227813
4,57,0.4628942022128263,0.4628942022128263
4,58,0.46344418578663904,0.46344418578663904
4,59,0.46548982129613836,0.46548982129613836
4,60,0.46309988199748786,0.46309988199748786
4,61,0.46410078478325956,0.46410078478325956
4,62,0.46354269280926774,0.46354269280926774
4,63,0.4639462476571765,0.4639462476571765
4,64,0.46616979813392756,0.46616979813392756
4,65,0.46320860856185986,0.46320860856185986
4,66,0.46337101456602037,0.46337101456602037
4,67,0.4674708633431919,0.4674708633431919
4,68,0.4680186159982721,0.4680186159982721
4,69,0.4652149647670455,0.4652149647670455
4,70,0.4687862964457108,0.4687862964457108
4,71,0.46886962050310454,0.46886962050310454
4,72,0.4709597793442545,0.4709597793442545
4,73,0.47177487290459397,0.47177487290459397
4,74,0.47390447888018383,0.47390447888018383
4,75,0.4780812358775042,0.4780812358775042
4,76,0.4838831099486076,0.4838831099486076
4,77,0.481332509295921,0.481332509295921
4,78,0.4820252210783117,0.4820252210783117
4,79,0.48451842174507687,0.48451842174507687
4,80,0.48283224287856097,0.48283224287856097
4,81,0.4810768559103774,0.4810768559103774
4,82,0.48277078788916505,0.48277078788916505
4,83,0.48124452566710396,0.48124452566710396
4,84,0.48449931499933974,0.48449931499933974
4,85,0.4838890274763622,0.4838890274763622
4,86,0.4837523291268644,0.4837523291268644
4,87,0.4848509857865453,0.4848509857865453
4,88,0.4841071346405249,0.4841071346405249
4,89,0.48824663465301643,0.48824663465301643
4,90,0.4879821550586808,0.4879821550586808
4,91,0.48611146677352757,0.48611146677352757
4,92,0.49062447224966055,0.49062447224966055
4,93,0.49057107808821554,0.49057107808821554
4,94,0.4921044427028761,0.4921044427028761
4,95,0.49010240138342176,0.49010240138342176
4,96,0.49225143925066206,0.49225143925066206
4,97,0.4906760729378279,0.4906760729378279
4,98,0.49314094966141875,0.49314094966141875
4,99,0.4950868379481267,0.4950868379481267
4,100,0.49324724619767624,0.49324724619767624
4,101,0.4957693568774092,0.4957693568774092
4,102,0.49559601711044454,0.49559601711044454
4,103,0.4998383379315,0.4998383379315
4,104,0.5004830408421583,0.5004830408421583
4,105,0.49990040758269905,0.49990040758269905
4,106,0.499919462947954,0.499919462947954
4,107,0.5008007102622976,0.5008007102622976
4,108,0.49974198236410716,0.49974198236410716
4,109,0.5020678004206454,0.5020678004206454
4,110,0.49898791487435035,0.49898791487435035
4,111,0.5022948981134255,0.5022948981134255
4,112,0.5044243528727257,0.5044243528727257
4,113,0.5052132617507467,0.5052132617507467
4,114,0.5034117117214736,0.5034117117214736
4,115,0.5029658967491621,0.5029658967491621
4,116,0.50654943928399,0.50654943928399
4,117,0.5015763540480241,0.5015763540480241
4,118,0.5079875286358999,0.5079875286358999
4,119,0.5073021966303202,0.5073021966303202
4,120,0.5054822701560693,0.5054822701560693
4,121,0.5076170218603296,0.5076170218603296
4,122,0.5094329263814072,0.5094329263814072
4,123,0.5107039953999845,0.5107039953999845
4,124,0.5100301572102895,0.5100301572102895
4,125,0.5099301722937906,0.5099301722937906
4,126,0.5127847013832403,0.5127847013832403
4,127,0.5114105886252218,0.5114105886252218
4,128,0.5106103998982624,0.5106103998982624
4,129,0.514244461391055,0.514244461391055
4,130,0.515274162002503,0.515274162002503
4,131,0.5142604339520505,0.5142604339520505
4,132,0.5150887806362177,0.5150887806362177
4,133,0.5166512973912047,0.5166512973912047
4,134,0.5171147709767648,0.5171147709767648
4,135,0.5171085860189639,0.5171085860189639
4,136,0.5184489206116399,0.5184489206116399
4,137,0.5175943672810156,0.5175943672810156
4,138,0.5199086821618006,0.5199086821618006
4,139,0.5187425870265379,0.5187425870265379
4,140,0.5186999359844402,0.5186999359844402
4,141,0.518280880026605,0.518280880026605
4,142,0.5180538142022837,0.5180538142022837
4,143,0.5191817994863379,0.5191817994863379
4,144,0.5211423558521141,0.5211423558521141
4,145,0.5226601434310116,0.5226601434310116
4,146,0.5245926721525747,0.5245926721525747
4,147,0.5230631510227612,0.5230631510227612
4,148,0.5224963310385704,0.5224963310385704
4,149,0.5216653432921555,0.5216653432921555
4,150,0.521891635054411,0.521891635054411
4,151,0.5235151506820588,0.5235151506820588
4,152,0.524097802645206,0.524097802645206
4,153,0.5242846582032872,0.5242846582032872
4,154,0.525769252707261,0.525769252707261
4,155,0.5277904032867518,0.5277904032867518
4,156,0.5285603368035273,0.5285603368035273
4,157,0.5293652499783645,0.5293652499783645
4,158,0.5293630512713098,0.5293630512713098
4,159,0.5290372097623286,0.5290372097623286
4,160,0.5295157012615673,0.5295157012615673
4,161,0.5294941050395143,0.5294941050395143
4,162,0.5296143251603531,0.5296143251603531
4,163,0.529699870795731,0.529699870795731
4,164,0.5296788900343568,0.5296788900343568
4,165,0.5291732678488339,0.5291732678488339
4,166,0.5292828389758167,0.5292828389758167
4,167,0.5292891975763657,0.5292891975763657
4,168,0.5292530431758826,0.5292530431758826
4,169,0.5294083312696718,0.5294083312696718
4,170,0.5303990723609424,0.5303990723609424
4,171,0.5315648228666934,0.5315648228666934
4,172,0.5315896700684843,0.5315896700684843
4,173,0.533109265491066,0.533109265491066
4,174,0.5331121869294065,0.5331121869294065
4,175,0.5338374350596065,0.5338374350596065
4,176,0.5341321098324896,0.5341321098324896
4,177,0.5341341202589341,0.5341341202589341
4,178,0.5346526411610653,0.5346526411610653
4,179,0.5353966371625114,0.5353966371625114
4,180,0.5353882731585606,0.5353882731585606
4,181,0.5353706387811167,0.5353706387811167
4,182,0.5355810395523057,0.5355810395523057
4,183,0.5356015925310775,0.5356015925310775
4,184,0.5372708172776913,0.5372708172776913
4,185,0.5372109069450248,0.5372109069450248
4,186,0.5372189716501365,0.5372189716501365
4,187,0.5384058999399717,0.5384058999399717
4,188,0.539565357242657,0.539565357242657
4,189,0.540535862116946,0.540535862116946
4,190,0.5412466515946031,0.5412466515946031
5,1,0.17521273983494978,0.17521273983494978
5,2,0.18498756021449236,0.18498756021449236
5,3,0.32902394078031094,0.32902394078031094
5,4,0.3356891497347487,0.3356891497347487
5,5,0.3511089707586952,0.3511089707586952
5,6,0.41710986293997254,0.41710986293997254
5,7,0.43697231332189035,0.43697231332189035
5,8,0.43887852659889237,0.43887852659889237
5,9,0.44149664473968553,0.44149664473968553
5,10,0.4416193375216949,0.4416193375216949
5,11,0.4455220276110371,0.4455220276110371
5,12,0.47018688321278346,0.47018688321278346
5,13,0.47448322813255683,0.47448322813255683
5,14,0.4848875742605071,0.4848875742605071
5,15,0.48535752047657255,0.48535752047657255
5,16,0.4853968054209322,0.4853968054209322
5,17,0.48593064961292,0.48593064961292
5,18,0.48614242591526535,0.48614242591526535
5,19,0.49610779539667405,0.49610779539667405
5,20,0.49601636401023186,0.49601636401023186
5,21,0.49801860663433295,0.49801860663433295
5,22,0.5016990756546386,0.5016990756546386
5,23,0.502533144436784,0.502533144436784
5,24,0.5066436812622688,0.5066436812622688
5,25,0.508751874056085,0.508751874056085
5,26,0.5155466241767719,0.5155466241767719
5,27,0.5123443616021977,0.5123443616021977
5,28,0.5154203222006797,0.5154203222006797
5,29,0.5155592846974064,0.5155592846974064
5,30,0.5147311855873682,0.5147311855873682
5,31,0.5174440984988519,0.5174440984988519
5,32,0.5314861290338481,0.5314861290338481
5,33,0.5281386994941941,0.5281386994941941
5,34,0.5311930842088204,0.5311930842088204
5,35,0.5304813444999572,0.5304813444999572
5,36,0.5361220979257086,0.5361220979257086
5,37,0.5349243992789984,0.5349243992789984
5,38,0.5358511743462899,0.5358511743462899
5,39,0.5375335788329519,0.5375335788329519
5,40,0.5417059122101091,0.5417059122101091
5,41,0.5469144463043244,0.5469144463043244
5,42,0.5472179716237537,0.5472179716237537
5,43,0.5487591650099802,0.5487591650099802
5,44,0.5518197834435533,0.5518197834435533
5,45,0.5515998653184064,0.5515998653184064
5,46,0.5546409655616129,0.5546409655616129
5,47,0.5580695106481222,0.5580695106481222
5,48,0.5568965550615319,0.5568965550615319
5,49,0.5567643368940566,0.5567643368940566
5,50,0.5573826648262723,0.5573826648262723
5,51,0.5582718176631203,0.5582718176631203
5,52,0.5593091627864589,0.5593091627864589
5,53,0.5620094788060054,0.5620094788060054
5,54,0.5627748864579525,0.5627748864579525
5,55,0.5661002471989374,0.5661002471989374
5,56,0.5643963021729902,0.5643963021729902
5,57,0.5641717217675584,0.5641717217675584
5,58,0.5664687576531828,0.5664687576531828
5,59,0.5663683252461472,0.5663683252461472
5,60,0.5685346930788215,0.5685346930788215
5,61,0.5684541716868972,0.5684541716868972
5,62,0.5685744392931678,0.5685744392931678
5,63,0.5697571261282944,0.5697571261282944
5,64,0.573211617221469,0.573211617221469
5,65,0.5688160572235887,0.5688160572235887
5,66,0.5709418181503416,0.5709418181503416
5,67,0.5699373970451092,0.5699373970451092
5,68,0.5730004070907395,0.5730004070907395
5,69,0.577555473688826,0.577555473688826
5,70,0.577565970478245,0.577565970478245
5,71,0.5756234504005471,0.5756234504005471
5,72,0.5786630473888403,0.5786630473888403
5,73,0.5790441439155283,0.5790441439155283
5,74,0.577549122475848,0.577549122475848
5,75,0.5857442050612899,0.5857442050612899
5,76,0.5820961582911583,0.5820961582911583
5,77,0.583093151359698,0.583093151359698
5,78,0.58945246565853,0.58945246565853
5,79,0.5866652655622251,0.5866652655622251
5,80,0.5880827326946076,0.5880827326946076
5,81,0.59015744369753,0.59015744369753
5,82,0.5905857369122436,0.5905857369122436
5,83,0.5932348614087076,0.5932348614087076
5,84,0.5886018041848147,0.5886018041848147
5,85,0.592412302467658,0.592412302467658
5,86,0.5924827406526083,0.5924827406526083
5,87,0.5930699829071328,0.5930699829071328
5,88,0.5950705155411854,0.5950705155411854
5,89,0.5946169866417397,0.5946169866417397
5,90,0.59631136217818,0.59631136217818
5,91,0.5943849558990548,0.5943849558990548
5,92,0.5995037868021784,0.5995037868021784
5,93,0.5985650859740822,0.5985650859740822
5,94,0.6007242244871884,0.6007242244871884
5,95,0.6027798899362893,0.6027798899362893
5,96,0.6024854765004903,0.6024854765004903
5,97,0.6009575818882665,0.6009575818882665
5,98,0.6020091592714851,0.6020091592714851
5,99,0.603924597969876,0.603924597969876
5,100,0.6048250885569074,0.6048250885569074
5,101,0.6080409921739817,0.6080409921739817
5,102,0.6081714898756725,0.6081714898756725
5,103,0.6077075531432521,0.6077075531432521
5,104,0.6099468719083774,0.6099468719083774
5,105,0.6095308338810366,0.6095308338810366
5,106,0.6109332133639596,0.6109332133639596
5,107,0.6122659363780355,0.6122659363780355
5,108,0.6107676353712083,0.6107676353712083
5,109,0.6130998294474556,0.6130998294474556
5,110,0.6116777501163797,0.6116777501163797
5,111,0.6126806165150505,0.6126806165150505
5,112,0.612827567205513,0.612827567205513
5,113,0.6162067035970968,0.6162067035970968
5,114,0.6149492449326682,0.6149492449326682
5,115,0.6175069419088388,0.6175069419088388
5,116,0.6204922012150038,0.6204922012150038
5,117,0.622421835398116,0.622421835398116
5,118,0.6186488637852539,0.6186488637852539
5,119,0.6192696379565525,0.6192696379565525
5,120,0.6185009584895372,0.6185009584895372
5,121,0.6215752190531733,0.6215752190531733
5,122,0.6212786657616085,0.6212786657616085
5,123,0.6217003412736996,0.6217003412736996
5,124,0.6225750193106216,0.6225750193106216
5,125,0.6240066870075607,0.6240066870075607
5,126,0.6243862763899347,0.6243862763899347
5,127,0.6246039037531883,0.6246039037531883
5,128,0.6241969942923694,0.6241969942923694
5,129,0.6257945688983249,0.6257945688983249
5,130,0.6266809583885271,0.6266809583885271
5,131,0.6261440819084577,0.6261440819084577
5,132,0.6245435723559485,0.6245435723559485
5,133,0.6277347467722422,0.6277347467722422
5,134,0.628522889466259,0.628522889466259
5,135,0.6267470827395023,0.6267470827395023
5,136,0.6274342707142357,0.6274342707142357
5,137,0.6271737714715664,0.6271737714715664
5,138,0.6299748781913179,0.6299748781913179
5,139,0.6285161769042209,0.6285161769042209
5,140,0.6284651296316095,0.6284651296316095
5,141,0.6322643894079324,0.6322643894079324
5,142,0.6309622004618943,0.6309622004618943
5,143,0.6327744083229111,0.6327744083229111
5,144,0.6361008327948459,0.6361008327948459
5,145,0.6364530634935703,0.6364530634935703
5,146,0.6367249783360893,0.6367249783360893
5,147,0.6387450129925815,0.6387450129925815
5,148,0.6380696924973954,0.6380696924973954
5,149,0.6370281363482186,0.6370281363482186
5,150,0.6375879489725391,0.6375879489725391
5,151,0.638175958600592,0.638175958600592
5,152,0.6402618657426774,0.6402618657426774
5,153,0.6389330057549009,0.6389330057549009
5,154,0.6393477590385256,0.6393477590385256
5,155,0.6412153692997987,0.6412153692997987
5,156,0.6432968859250701,0.6432968859250701
5,157,0.64347962592572,0.64347962592572
5,158,0.6441670212632302,0.6441670212632302
5,159,0.6441438560424368,0.6441438560424368
5,160,0.644458652857118,0.644458652857118
5,161,0.6447053112912129,0.6447053112912129
5,162,0.6449394544585242,0.6449394544585242
5,163,0.6454105789606783,0.6454105789606783
5,164,0.6454392618088074,0.6454392618088074
5,165,0.6460665953300851,0.6460665953300851
5,166,0.6460150424699366,0.6460150424699366
5,167,0.6460453942768118,0.6460453942768118
5,168,0.6459967789873173,0.6459967789873173
5,169,0.6459977062125102,0.6459977062125102
5,170,0.646064178861784,0.646064178861784
5,171,0.6481791756033586,0.6481791756033586
5,172,0.6484340793270886,0.6484340793270886
5,173,0.6499119356014869,0.6499119356014869
5,174,0.6510030468614392,0.6510030468614392
5,175,0.65101080920269,0.65101080920269
5,176,0.6510678600134209,0.6510678600134209
5,177,0.6509848151933825,0.6509848151933825
5,178,0.652153464921669,0.652153464921669
5,179,0.6523145749551653,0.6523145749551653
5,180,0.6523274590134859,0.6523274590134859
5,181,0.6524534362280763,0.6524534362280763
5,182,0.6525134552951866,0.6525134552951866
5,183,0.6525121037291066,0.6525121037291066
5,184,0.653607885301111,0.653607885301111
5,185,0.6538158458787773,0.6538158458787773
5,186,0.6537801277081365,0.6537801277081365
5,187,0.6541875715894665,0.6541875715894665
5,188,0.6569139183120443,0.6569139183120443
5,189,0.657160363215048,0.657160363215048
5,190,0.6579849676330443,0.6579849676330443
