fold,dim,variance,r2
1,1,0.15712277245812867,0.15712277245812867
1,2,0.16580816695096856,0.16580816695096856
1,3,0.30958160674941093,0.30958160674941093
1,4,0.3158325860915947,0.3158325860915947
1,5,0.3315161373057234,0.3315161373057234
1,6,0.39745424827203824,0.39745424827203824
1,7,0.41762066372886686,0.41762066372886686
1,8,0.41929503573688665,0.41929503573688665
1,9,0.42005908318975993,0.42005908318975993
1,10,0.4201196181286089,0.4201196181286089
1,11,0.42459898082611647,0.42459898082611647
1,12,0.4487781506278107,0.4487781506278107
1,13,0.45722536571832595,0.45722536571832595
1,14,0.46760914400565634,0.46760914400565634
1,15,0.46843878137073536,0.46843878137073536
1,16,0.4691305349176893,0.4691305349176893
1,17,0.46995006731107836,0.46995006731107836
1,18,0.47027696433047306,0.47027696433047306
1,19,0.4830817045509551,0.4830817045509551
1,20,0.48272907509023943,0.48272907509023943
1,21,0.484338218014878,0.484338218014878
1,22,0.48776835038256694,0.48776835038256694
1,23,0.4876363613306762,0.4876363613306762
1,24,0.4906105869841194,0.4906105869841194
1,25,0.4902377902130619,0.4902377902130619
1,26,0.4984764938542544,0.4984764938542544
1,27,0.5001267144025536,0.5001267144025536
1,28,0.49927957562087544,0.49927957562087544
1,29,0.4989614405743982,0.4989614405743982
1,30,0.4994046772647418,0.4994046772647418
1,31,0.5040462895096978,0.5040462895096978
1,32,0.505292188638456,0.505292188638456
1,33,0.5123789386202438,0.5123789386202438
1,34,0.5163382489234978,0.5163382489234978
1,35,0.5232209564783439,0.5232209564783439
1,36,0.522337525252188,0.522337525252188
1,37,0.520442313686849,0.520442313686849
1,38,0.5230491913628145,0.5230491913628145
1,39,0.521749556275068,0.521749556275068
1,40,0.5294200231484545,0.5294200231484545
1,41,0.5291790494086988,0.5291790494086988
1,42,0.5304279661554537,0.5304279661554537
1,43,0.5341111939857723,0.5341111939857723
1,44,0.5368075643339097,0.5368075643339097
1,45,0.5398818104496365,0.5398818104496365
1,46,0.5419856246057508,0.5419856246057508
1,47,0.5444988933551158,0.5444988933551158
1,48,0.54323589428974,0.54323589428974
1,49,0.5462238252516183,0.5462238252516183
1,50,0.5418953361146739,0.5418953361146739
1,51,0.5469184318430105,0.5469184318430105
1,52,0.5474792299234575,0.5474792299234575
1,53,0.5513664803186848,0.5513664803186848
1,54,0.5489894220072178,0.5489894220072178
1,55,0.5570259925067884,0.5570259925067884
1,56,0.5528489499206505,0.5528489499206505
1,57,0.5543148593636853,0.5543148593636853
1,58,0.555840166665047,0.555840166665047
1,59,0.556682958464721,0.556682958464721
1,60,0.5565715655151091,0.5565715655151091
1,61,0.5578885303275207,0.5578885303275207
1,62,0.5576428456276854,0.5576428456276854
1,63,0.5585875798871842,0.5585875798871842
1,64,0.5586158941550254,0.5586158941550254
1,65,0.5587520408694394,0.5587520408694394
1,66,0.5589757633350563,0.5589757633350563
1,67,0.5619061092065141,0.5619061092065141
1,68,0.5622500373885426,0.5622500373885426
1,69,0.566650782127013,0.566650782127013
1,70,0.5654514561413346,0.5654514561413346
1,71,0.566410532274823,0.566410532274823
1,72,0.5673335561155626,0.5673335561155626
1,73,0.570981390122502,0.570981390122502
1,74,0.5715048249325888,0.5715048249325888
1,75,0.5738889639439676,0.5738889639439676
1,76,0.5753383487942545,0.5753383487942545
1,77,0.5761462935633901,0.5761462935633901
1,78,0.5770745352222142,0.5770745352222142
1,79,0.5776217865524644,0.5776217865524644
1,80,0.5771715992139271,0.5771715992139271
1,81,0.5792135427411402,0.5792135427411402
1,82,0.5786287328567703,0.5786287328567703
1,83,0.5790524901627947,0.5790524901627947
1,84,0.581928277292572,0.581928277292572
1,85,0.5833385495278478,0.5833385495278478
1,86,0.5821372044272504,0.5821372044272504
1,87,0.582628340798216,0.582628340798216
1,88,0.5845154439481557,0.5845154439481557
1,89,0.5840381412968457,0.5840381412968457
1,90,0.5841950645199594,0.5841950645199594
1,91,0.5858496094600789,0.5858496094600789
1,92,0.5832198967686467,0.5832198967686467
1,93,0.5858221195857987,0.5858221195857987
1,94,0.5877747655246139,0.5877747655246139
1,95,0.5878125031671912,0.5878125031671912
1,96,0.5912526091506958,0.5912526091506958
1,97,0.5901797965271969,0.5901797965271969
1,98,0.5935205086999515,0.5935205086999515
1,99,0.5898262630319634,0.5898262630319634
1,100,0.5918756723335653,0.5918756723335653
1,101,0.5975359706555298,0.5975359706555298
1,102,0.6006783283910286,0.6006783283910286
1,103,0.5983262735685501,0.5983262735685501
1,104,0.5992142496413748,0.5992142496413748
1,105,0.6029918121716091,0.6029918121716091
1,106,0.6011502527672601,0.6011502527672601
1,107,0.6035251180699621,0.6035251180699621
1,108,0.5997365670884116,0.5997365670884116
1,109,0.6001132220150673,0.6001132220150673
1,110,0.6060071265332824,0.6060071265332824
1,111,0.6030645858291597,0.6030645858291597
1,112,0.6069966300643078,0.6069966300643078
1,113,0.6084041253961514,0.6084041253961514
1,114,0.6056129375909701,0.6056129375909701
1,115,0.6066998325611468,0.6066998325611468
1,116,0.6058493028313391,0.6058493028313391
1,117,0.6082864589086678,0.6082864589086678
1,118,0.609776910559897,0.609776910559897
1,119,0.6111000582627575,0.6111000582627575
1,120,0.6128329378863493,0.6128329378863493
1,121,0.6100480392186233,0.6100480392186233
1,122,0.6126617701548797,0.6126617701548797
1,123,0.6131551787571343,0.6131551787571343
1,124,0.6139346659764032,0.6139346659764032
1,125,0.6164969985161475,0.6164969985161475
1,126,0.6173671446720225,0.6173671446720225
1,127,0.6152247928397335,0.6152247928397335
1,128,0.6149142339375908,0.6149142339375908
1,129,0.6190804361083628,0.6190804361083628
1,130,0.6181428299981874,0.6181428299981874
1,131,0.6163299306231814,0.6163299306231814
1,132,0.6178247296150049,0.6178247296150049
1,133,0.6182411231720988,0.6182411231720988
1,134,0.620934975068538,0.620934975068538
1,135,0.6196111196122258,0.6196111196122258
1,136,0.6197907149003814,0.6197907149003814
1,137,0.6219954216247423,0.6219954216247423
1,138,0.6197061965249415,0.6197061965249415
1,139,0.6246927948458696,0.6246927948458696
1,140,0.6248729643587803,0.6248729643587803
1,141,0.6256722635257043,0.6256722635257043
1,142,0.6256607226349784,0.6256607226349784
1,143,0.6265063333037753,0.6265063333037753
1,144,0.6256751992915003,0.6256751992915003
1,145,0.6279469428942521,0.6279469428942521
1,146,0.629094448540887,0.629094448540887
1,147,0.6293459768105427,0.6293459768105427
1,148,0.6292429834880424,0.6292429834880424
1,149,0.6294260096975803,0.6294260096975803
1,150,0.6308813358372776,0.6308813358372776
1,151,0.6309468995951152,0.6309468995951152
1,152,0.6309412209732532,0.6309412209732532
1,153,0.6318257117250127,0.6318257117250127
1,154,0.6329600588799642,0.6329600588799642
1,155,0.6331652696237999,0.6331652696237999
1,156,0.6352065275821327,0.6352065275821327
1,157,0.6352529204054245,0.6352529204054245
1,158,0.6357165760253886,0.6357165760253886
1,159,0.635714343181528,0.635714343181528
1,160,0.6358374732731387,0.6358374732731387
1,161,0.6366602382351172,0.6366602382351172
1,162,0.6370283535094023,0.6370283535094023
1,163,0.6371795440181778,0.6371795440181778
1,164,0.6370671467631176,0.6370671467631176
1,165,0.637619164111187,0.637619164111187
1,166,0.6377146361722721,0.6377146361722721
1,167,0.6377996214147286,0.6377996214147286
1,168,0.637668756324405,0.637668756324405
1,169,0.6376666808976401,0.6376666808976401
1,170,0.638271820525106,0.638271820525106
1,171,0.6392212721598762,0.6392212721598762
1,172,0.6398496103882421,0.6398496103882421
1,173,0.6425164437361908,0.6425164437361908
1,174,0.6429099455709759,0.6429099455709759
1,175,0.6429436108067793,0.6429436108067793
1,176,0.6432247298741174,0.6432247298741174
1,177,0.6433987786737075,0.6433987786737075
1,178,0.6454482387692551,0.6454482387692551
1,179,0.6456269012646565,0.6456269012646565
1,180,0.6454755807961954,0.6454755807961954
1,181,0.6455100549728762,0.6455100549728762
1,182,0.6457763933014107,0.6457763933014107
1,183,0.6457225079691924,0.6457225079691924
1,184,0.6468216777323625,0.6468216777323625
1,185,0.6470539527290817,0.6470539527290817
1,186,0.6470805924157463,0.6470805924157463
1,187,0.6470615913275948,0.6470615913275948
1,188,0.6500268432269205,0.6500268432269205
1,189,0.6510166334457155,0.6510166334457155
1,190,0.651548299946811,0.651548299946811
2,1,0.21691333355448383,0.21691333355448383
2,2,0.22508305359040248,0.22508305359040248
2,3,0.399062877245171,0.399062877245171
2,4,0.40523068723969713,0.40523068723969713
2,5,0.4234450532916202,0.4234450532916202
2,6,0.5072106328119712,0.5072106328119712
2,7,0.5257775844527581,0.5257775844527581
2,8,0.5265403684743384,0.5265403684743384
2,9,0.5267595756694622,0.5267595756694622
2,10,0.5270566984150526,0.5270566984150526
2,11,0.5311420380936527,0.5311420380936527
2,12,0.5654208982829347,0.5654208982829347
2,13,0.5724684350498864,0.5724684350498864
2,14,0.5860309688148158,0.5860309688148158
2,15,0.5865223653713867,0.5865223653713867
2,16,0.5870000821546391,0.5870000821546391
2,17,0.5874206152334824,0.5874206152334824
2,18,0.5879273065716766,0.5879273065716766
2,19,0.6028443523023542,0.6028443523023542
2,20,0.6033406024602317,0.6033406024602317
2,21,0.6087140108874127,0.6087140108874127
2,22,0.6095619370731183,0.6095619370731183
2,23,0.6116648094185047,0.6116648094185047
2,24,0.612843985884267,0.612843985884267
2,25,0.6143235925911509,0.6143235925911509
2,26,0.6213984372469616,0.6213984372469616
2,27,0.6201345267292395,0.6201345267292395
2,28,0.6219551510805463,0.6219551510805463
2,29,0.6227118200551114,0.6227118200551114
2,30,0.6218501972039026,0.6218501972039026
2,31,0.6335769255202695,0.6335769255202695
2,32,0.6333211382161272,0.6333211382161272
2,33,0.6363229893370355,0.6363229893370355
2,34,0.6342036952893992,0.6342036952893992
2,35,0.6425687062841001,0.6425687062841001
2,36,0.6434523108994525,0.6434523108994525
2,37,0.6394518756889546,0.6394518756889546
2,38,0.6462324742349361,0.6462324742349361
2,39,0.6478149671032025,0.6478149671032025
2,40,0.6540345694182564,0.6540345694182564
2,41,0.6518558193902979,0.6518558193902979
2,42,0.6534324140402369,0.6534324140402369
2,43,0.6566673397393639,0.6566673397393639
2,44,0.6598823821795021,0.6598823821795021
2,45,0.6608015877136544,0.6608015877136544
2,46,0.6640727530785616,0.6640727530785616
2,47,0.6675150465546252,0.6675150465546252
2,48,0.6640766076160097,0.6640766076160097
2,49,0.6667527778341573,0.6667527778341573
2,50,0.6659371556259341,0.6659371556259341
2,51,0.6671590018528804,0.6671590018528804
2,52,0.6676154656710154,0.6676154656710154
2,53,0.6673613685576238,0.6673613685576238
2,54,0.6717956086626344,0.6717956086626344
2,55,0.6686898180813116,0.6686898180813116
2,56,0.6723220829706391,0.6723220829706391
2,57,0.6718942813709325,0.6718942813709325
2,58,0.6733467899712489,0.6733467899712489
2,59,0.6736481571455473,0.6736481571455473
2,60,0.6757343530109563,0.6757343530109563
2,61,0.676485824784766,0.676485824784766
2,62,0.6766650568238264,0.6766650568238264
2,63,0.6766837762605682,0.6766837762605682
2,64,0.6773098031402396,0.6773098031402396
2,65,0.6778846931180404,0.6778846931180404
2,66,0.6782354299724453,0.6782354299724453
2,67,0.6813049447662392,0.6813049447662392
2,68,0.6825317245280349,0.6825317245280349
2,69,0.6820596826478644,0.6820596826478644
2,70,0.680247123918134,0.680247123918134
2,71,0.6808629027087602,0.6808629027087602
2,72,0.6833412939485034,0.6833412939485034
2,73,0.6840782460665061,0.6840782460665061
2,74,0.682779769663264,0.682779769663264
2,75,0.6857760097584132,0.6857760097584132
2,76,0.6850449299626131,0.6850449299626131
2,77,0.6906777438111655,0.6906777438111655
2,78,0.6892520470258264,0.6892520470258264
2,79,0.6893877075071873,0.6893877075071873
2,80,0.6911929336187799,0.6911929336187799
2,81,0.6923059441109458,0.6923059441109458
2,82,0.6910727201813555,0.6910727201813555
2,83,0.6931867724385737,0.6931867724385737
2,84,0.6968490638979352,0.6968490638979352
2,85,0.6938566733031484,0.6938566733031484
2,86,0.6939946719740886,0.6939946719740886
2,87,0.6953983678109732,0.6953983678109732
2,88,0.6965258010394753,0.6965258010394753
2,89,0.6952178936215736,0.6952178936215736
2,90,0.695443777709579,0.695443777709579
2,91,0.6969645366582773,0.6969645366582773
2,92,0.6976096342735392,0.6976096342735392
2,93,0.6991137630907491,0.6991137630907491
2,94,0.697719603148143,0.697719603148143
2,95,0.7014844541508612,0.7014844541508612
2,96,0.7007139575839587,0.7007139575839587
2,97,0.701121320440393,0.701121320440393
2,98,0.7034696746246858,0.7034696746246858
2,99,0.7034334124278068,0.7034334124278068
2,100,0.7073985670308982,0.7073985670308982
2,101,0.7091390963550732,0.7091390963550732
2,102,0.7105516427731137,0.7105516427731137
2,103,0.7064046464075476,0.7064046464075476
2,104,0.7116781161533123,0.7116781161533123
2,105,0.7102690149291686,0.7102690149291686
2,106,0.7108430166283429,0.7108430166283429
2,107,0.7104405962440379,0.7104405962440379
2,108,0.7104617107299775,0.7104617107299775
2,109,0.71144966915631,0.71144966915631
2,110,0.7098395331330856,0.7098395331330856
2,111,0.7086355366543218,0.7086355366543218
2,112,0.7119401418866639,0.7119401418866639
2,113,0.7138361995821182,0.7138361995821182
2,114,0.7140046800592335,0.7140046800592335
2,115,0.7130569682614569,0.7130569682614569
2,116,0.7156484031780952,0.7156484031780952
2,117,0.7150497260485165,0.7150497260485165
2,118,0.7141502669717312,0.7141502669717312
2,119,0.7156486715581573,0.7156486715581573
2,120,0.7155327549576518,0.7155327549576518
2,121,0.7166618349547957,0.7166618349547957
2,122,0.714347845511178,0.714347845511178
2,123,0.7168192299753813,0.7168192299753813
2,124,0.7153002854390955,0.7153002854390955
2,125,0.717101079339435,0.717101079339435
2,126,0.7175497133925784,0.7175497133925784
2,127,0.7171447227809251,0.7171447227809251
2,128,0.7171356183644683,0.7171356183644683
2,129,0.7154331681611252,0.7154331681611252
2,130,0.718538114938039,0.718538114938039
2,131,0.718902810535432,0.718902810535432
2,132,0.7193821164391594,0.7193821164391594
2,133,0.7194709055485957,0.7194709055485957
2,134,0.7209933085209067,0.7209933085209067
2,135,0.7211506720451759,0.7211506720451759
2,136,0.720356778669031,0.720356778669031
2,137,0.721730184696296,0.721730184696296
2,138,0.7225855096164524,0.7225855096164524
2,139,0.7204763538627699,0.7204763538627699
2,140,0.7232407181862717,0.7232407181862717
2,141,0.7232190708080104,0.7232190708080104
2,142,0.7243186331794416,0.7243186331794416
2,143,0.7233655504506578,0.7233655504506578
2,144,0.7233638152672474,0.7233638152672474
2,145,0.7241651262429921,0.7241651262429921
2,146,0.724544585619053,0.724544585619053
2,147,0.7239081381923076,0.7239081381923076
2,148,0.7245574863689791,0.7245574863689791
2,149,0.725268851201908,0.725268851201908
2,150,0.724651858739652,0.724651858739652
2,151,0.7241809533677772,0.7241809533677772
2,152,0.7256146653320499,0.7256146653320499
2,153,0.7251854951526331,0.7251854951526331
2,154,0.7251271998768074,0.7251271998768074
2,155,0.725047117645955,0.725047117645955
2,156,0.7257197919696091,0.7257197919696091
2,157,0.7257681893374467,0.7257681893374467
2,158,0.7260618018078695,0.7260618018078695
2,159,0.7260904093344088,0.7260904093344088
2,160,0.7264794338893877,0.7264794338893877
2,161,0.7265471890622408,0.7265471890622408
2,162,0.7261806717291589,0.7261806717291589
2,163,0.726193626268071,0.726193626268071
2,164,0.7260479348443378,0.7260479348443378
2,165,0.7270178934942527,0.7270178934942527
2,166,0.727021712470473,0.727021712470473
2,167,0.7267806220916007,0.7267806220916007
2,168,0.7267719045212271,0.7267719045212271
2,169,0.72679184892197,0.72679184892197
2,170,0.7267461242490462,0.7267461242490462
2,171,0.7285249917415886,0.7285249917415886
2,172,0.728629154385513,0.728629154385513
2,173,0.7291973465925378,0.7291973465925378
2,174,0.7291712741503291,0.7291712741503291
2,175,0.7292935344015731,0.7292935344015731
2,176,0.7293021410087164,0.7293021410087164
2,177,0.7296387732459484,0.7296387732459484
2,178,0.7307205078039026,0.7307205078039026
2,179,0.7304785754013392,0.7304785754013392
2,180,0.7304375755338913,0.7304375755338913
2,181,0.7304516736691501,0.7304516736691501
2,182,0.7303784573426095,0.7303784573426095
2,183,0.7307632944905968,0.7307632944905968
2,184,0.7305597775802672,0.7305597775802672
2,185,0.7305853242045124,0.7305853242045124
2,186,0.7305366799574085,0.7305366799574085
2,187,0.7302657211025734,0.7302657211025734
2,188,0.7310269480564279,0.7310269480564279
2,189,0.7310813014470343,0.7310813014470343
2,190,0.7305619616962487,0.7305619616962487
3,1,0.17853628883341932,0.17853628883341932
3,2,0.18742116340790704,0.18742116340790704
3,3,0.31349942838075473,0.31349942838075473
3,4,0.3195794012186901,0.3195794012186901
3,5,0.3370532756494813,0.3370532756494813
3,6,0.39487516967144176,0.39487516967144176
3,7,0.4078292116582347,0.4078292116582347
3,8,0.40781733354464234,0.40781733354464234
3,9,0.40924685725960164,0.40924685725960164
3,10,0.40943228975096113,0.40943228975096113
3,11,0.4117528280177407,0.4117528280177407
3,12,0.4368396203645195,0.4368396203645195
3,13,0.4426872374057047,0.4426872374057047
3,14,0.44856387598806324,0.44856387598806324
3,15,0.44907151945483226,0.44907151945483226
3,16,0.44936023909354783,0.44936023909354783
3,17,0.4498818793324325,0.4498818793324325
3,18,0.4503157010156391,0.4503157010156391
3,19,0.46242313264869994,0.46242313264869994
3,20,0.46370305777031195,0.46370305777031195
3,21,0.4651021282293406,0.4651021282293406
3,22,0.4676773566573852,0.4676773566573852
3,23,0.470963583631968,0.470963583631968
3,24,0.47680170471060734,0.47680170471060734
3,25,0.48093204717071214,0.48093204717071214
3,26,0.4809302026366076,0.4809302026366076
3,27,0.4819524231344825,0.4819524231344825
3,28,0.48127472722187903,0.48127472722187903
3,29,0.4823851902457156,0.4823851902457156
3,30,0.48338056287217257,0.48338056287217257
3,31,0.48771405036526205,0.48771405036526205
3,32,0.4917307487013062,0.4917307487013062
3,33,0.494133470074656,0.494133470074656
3,34,0.49366371030995515,0.49366371030995515
3,35,0.5007296542691437,0.5007296542691437
3,36,0.5010855688262928,0.5010855688262928
3,37,0.5027458089879411,0.5027458089879411
3,38,0.5021249137771713,0.5021249137771713
3,39,0.50781856772395,0.50781856772395
3,40,0.5089483507919289,0.5089483507919289
3,41,0.5096050661791224,0.5096050661791224
3,42,0.5120305318894511,0.5120305318894511
3,43,0.5142300747874753,0.5142300747874753
3,44,0.5145384644234977,0.5145384644234977
3,45,0.5161793655366249,0.5161793655366249
3,46,0.518227398766044,0.518227398766044
3,47,0.5196751292886957,0.5196751292886957
3,48,0.5201978875042534,0.5201978875042534
3,49,0.5217055663159953,0.5217055663159953
3,50,0.5211225867170513,0.5211225867170513
3,51,0.5197998774694238,0.5197998774694238
3,52,0.526164282338424,0.526164282338424
3,53,0.5251606269613119,0.5251606269613119
3,54,0.5256930487390483,0.5256930487390483
3,55,0.5302146433695056,0.5302146433695056
3,56,0.5291761383144782,0.5291761383144782
3,57,0.5313579752689911,0.5313579752689911
3,58,0.5285188494691673,0.5285188494691673
3,59,0.5301453453723581,0.5301453453723581
3,60,0.5302280467158573,0.5302280467158573
3,61,0.531305425337713,0.531305425337713
3,62,0.532588460046306,0.532588460046306
3,63,0.531877395541027,0.531877395541027
3,64,0.5340348136826962,0.5340348136826962
3,65,0.533357508563398,0.533357508563398
3,66,0.534852202444414,0.534852202444414
3,67,0.5362590130708501,0.5362590130708501
3,68,0.542038845659407,0.542038845659407
3,69,0.5396583436897398,0.5396583436897398
3,70,0.5387245455828857,0.5387245455828857
3,71,0.5418106962782225,0.5418106962782225
3,72,0.5454944255018873,0.5454944255018873
3,73,0.5450655593019477,0.5450655593019477
3,74,0.5425152729881182,0.5425152729881182
3,75,0.551084258002186,0.551084258002186
3,76,0.547708234666783,0.547708234666783
3,77,0.5526696211439335,0.5526696211439335
3,78,0.5496730555145528,0.5496730555145528
3,79,0.5516045146248361,0.5516045146248361
3,80,0.5547441997904909,0.5547441997904909
3,81,0.5527163899939553,0.5527163899939553
3,82,0.5542781226547271,0.5542781226547271
3,83,0.5507067302128423,0.5507067302128423
3,84,0.5543979903754688,0.5543979903754688
3,85,0.5567428555470778,0.5567428555470778
3,86,0.5613486302483353,0.5613486302483353
3,87,0.558279458615994,0.558279458615994
3,88,0.5565983573694048,0.5565983573694048
3,89,0.5597826964179827,0.5597826964179827
3,90,0.5618642908412934,0.5618642908412934
3,91,0.5594430588639591,0.5594430588639591
3,92,0.5628582602556497,0.5628582602556497
3,93,0.5611161445196634,0.5611161445196634
3,94,0.5677314474976473,0.5677314474976473
3,95,0.5698374717619663,0.5698374717619663
3,96,0.566828670463837,0.566828670463837
3,97,0.5660371807147834,0.5660371807147834
3,98,0.5678126879377037,0.5678126879377037
3,99,0.5674834089692185,0.5674834089692185
3,100,0.573057757978989,0.573057757978989
3,101,0.57503082898461,0.57503082898461
3,102,0.5727803552634428,0.5727803552634428
3,103,0.5776328762152014,0.5776328762152014
3,104,0.5783970778963776,0.5783970778963776
3,105,0.5753289619088944,0.5753289619088944
3,106,0.5780160458487632,0.5780160458487632
3,107,0.5768948251363026,0.5768948251363026
3,108,0.5797176943740734,0.5797176943740734
3,109,0.5771875324558934,0.5771875324558934
3,110,0.5791030801632704,0.5791030801632704
3,111,0.5789004961049156,0.5789004961049156
3,112,0.5820253604345742,0.5820253604345742
3,113,0.5809505865325711,0.5809505865325711
3,114,0.5841911517712561,0.5841911517712561
3,115,0.5840205716635103,0.5840205716635103
3,116,0.5814257367013242,0.5814257367013242
3,117,0.5832987891037581,0.5832987891037581
3,118,0.5851420368405856,0.5851420368405856
3,119,0.5870308797779678,0.5870308797779678
3,120,0.5862379664790677,0.5862379664790677
3,121,0.5904460843455333,0.5904460843455333
3,122,0.5908189918078721,0.5908189918078721
3,123,0.5930041580933145,0.5930041580933145
3,124,0.5914584151628637,0.5914584151628637
3,125,0.5925052160987754,0.5925052160987754
3,126,0.5897802199236108,0.5897802199236108
3,127,0.5937907017173008,0.5937907017173008
3,128,0.5938651956997898,0.5938651956997898
3,129,0.5946990802223493,0.5946990802223493
3,130,0.5956707033450583,0.5956707033450583
3,131,0.5959297760936,0.5959297760936
3,132,0.5940009366196239,0.5940009366196239
3,133,0.5960673907845145,0.5960673907845145
3,134,0.5936191222139813,0.5936191222139813
3,135,0.5970106725944888,0.5970106725944888
3,136,0.598039179134026,0.598039179134026
3,137,0.598249892512914,0.598249892512914
3,138,0.5984029731468566,0.5984029731468566
3,139,0.599631802564492,0.599631802564492
3,140,0.5992765554443167,0.5992765554443167
3,141,0.6030373153889501,0.6030373153889501
3,142,0.5999649402528358,0.5999649402528358
3,143,0.6045364623778962,0.6045364623778962
3,144,0.6056423765676289,0.6056423765676289
3,145,0.6055418893853975,0.6055418893853975
3,146,0.6043776756786605,0.6043776756786605
3,147,0.6042165392325828,0.6042165392325828
3,148,0.6086093363287943,0.6086093363287943
3,149,0.6084122237588092,0.6084122237588092
3,150,0.6091328898283239,0.6091328898283239
3,151,0.6089336555625879,0.6089336555625879
3,152,0.607120074690724,0.607120074690724
3,153,0.6092128624522477,0.6092128624522477
3,154,0.6108715801827876,0.6108715801827876
3,155,0.6140140736724793,0.6140140736724793
3,156,0.6145628504478293,0.6145628504478293
3,157,0.6145866229034682,0.6145866229034682
3,158,0.6149937557736778,0.6149937557736778
3,159,0.6154981532414752,0.6154981532414752
3,160,0.6155785893337167,0.6155785893337167
3,161,0.6164443286966046,0.6164443286966046
3,162,0.6172049933410307,0.6172049933410307
3,163,0.6172456437015301,0.6172456437015301
3,164,0.6171535105632957,0.6171535105632957
3,165,0.6176380032242007,0.6176380032242007
3,166,0.6179164384873455,0.6179164384873455
3,167,0.6179164434974872,0.6179164434974872
3,168,0.6177416351915943,0.6177416351915943
3,169,0.6177531030507191,0.6177531030507191
3,170,0.6187594295581569,0.6187594295581569
3,171,0.6201432467859431,0.6201432467859431
3,172,0.6204054670006456,0.6204054670006456
3,173,0.6215902199348307,0.6215902199348307
3,174,0.6221891871729498,0.6221891871729498
3,175,0.6227493569112998,0.6227493569112998
3,176,0.6227469191344439,0.6227469191344439
3,177,0.6226471419252539,0.6226471419252539
3,178,0.623691464661033,0.623691464661033
3,179,0.6241391831889272,0.6241391831889272
3,180,0.6241359139785128,0.6241359139785128
3,181,0.6241288974175727,0.6241288974175727
3,182,0.6245515808321086,0.6245515808321086
3,183,0.6245431297453208,0.6245431297453208
3,184,0.6257152185391052,0.6257152185391052
3,185,0.6265695837627234,0.6265695837627234
3,186,0.6265708786795351,0.6265708786795351
3,187,0.6269286799916514,0.6269286799916514
3,188,0.6293847594385609,0.6293847594385609
3,189,0.6305235949437503,0.6305235949437503
3,190,0.6317318715791367,0.6317318715791367
4,1,0.23209840317896946,0.23209840317896946
4,2,0.24166436623017562,0.24166436623017562
4,3,0.4446222246462206,0.4446222246462206
4,4,0.4503701135092296,0.4503701135092296
4,5,0.47067669259274947,0.47067669259274947
4,6,0.5626642608943789,0.5626642608943789
4,7,0.5888540795312962,0.5888540795312962
4,8,0.588808075651992,0.588808075651992
4,9,0.589928702040152,0.589928702040152
4,10,0.5899802871825802,0.5899802871825802
4,11,0.59368980940829,0.59368980940829
4,12,0.633596620101847,0.633596620101847
4,13,0.6450009223973596,0.6450009223973596
4,14,0.6560344354517189,0.6560344354517189
4,15,0.6558154179431613,0.6558154179431613
4,16,0.6563353942704917,0.6563353942704917
4,17,0.657406374848716,0.657406374848716
4,18,0.65739700521135,0.65739700521135
4,19,0.6769380160847034,0.6769380160847034
4,20,0.6786039522853449,0.6786039522853449
4,21,0.6786102218738053,0.6786102218738053
4,22,0.6818843460442628,0.6818843460442628
4,23,0.6826564904219654,0.6826564904219654
4,24,0.6875306489327024,0.6875306489327024
4,25,0.696360002874475,0.696360002874475
4,26,0.6981722282987406,0.6981722282987406
4,27,0.6947308990964907,0.6947308990964907
4,28,0.6964824456667158,0.6964824456667158
4,29,0.6951572792570109,0.6951572792570109
4,30,0.6954699484441986,0.6954699484441986
4,31,0.6986764375435035,0.6986764375435035
4,32,0.7007311116907364,0.7007311116907364
4,33,0.7165796923023648,0.7165796923023648
4,34,0.7165840455232977,0.7165840455232977
4,35,0.7249064533185448,0.7249064533185448
4,36,0.7249564116084328,0.7249564116084328
4,37,0.7281699600005245,0.7281699600005245
4,38,0.7292791759237188,0.7292791759237188
4,39,0.732415578018966,0.732415578018966
4,40,0.734266820744638,0.734266820744638
4,41,0.7310105153057058,0.7310105153057058
4,42,0.7356364962470743,0.7356364962470743
4,43,0.7364796954631967,0.7364796954631967
4,44,0.7379751702786884,0.7379751702786884
4,45,0.7427690941971594,0.7427690941971594
4,46,0.742820459641155,0.742820459641155
4,47,0.7469768708280919,0.7469768708280919
4,48,0.74524826230755,0.74524826230755
4,49,0.7467507027800815,0.7467507027800815
4,50,0.7486647374413266,0.7486647374413266
4,51,0.7475855365034187,0.7475855365034187
4,52,0.7465660719552791,0.7465660719552791
4,53,0.7510458210922107,0.7510458210922107
4,54,0.7525693026455724,0.7525693026455724
4,55,0.7538399764563743,0.7538399764563743
4,56,0.7547355805790932,0.7547355805790932
4,57,0.7585254932401704,0.7585254932401704
4,58,0.7562739948352815,0.7562739948352815
4,59,0.7583214413320588,0.7583214413320588
4,60,0.7604184119412828,0.7604184119412828
4,61,0.7584816474396638,0.7584816474396638
4,62,0.7618180933754336,0.7618180933754336
4,63,0.7597169782364719,0.7597169782364719
4,64,0.7605701594132273,0.7605701594132273
4,65,0.7603772667774772,0.7603772667774772
4,66,0.7616192523187018,0.7616192523187018
4,67,0.7635063721950656,0.7635063721950656
4,68,0.7604534062229069,0.7604534062229069
4,69,0.7624605986452787,0.7624605986452787
4,70,0.7626262465719222,0.7626262465719222
4,71,0.7651427102967977,0.7651427102967977
4,72,0.7664161046070659,0.7664161046070659
4,73,0.7687312261932494,0.7687312261932494
4,74,0.766909564061881,0.766909564061881
4,75,0.7708868888289475,0.7708868888289475
4,76,0.77127085302589,0.77127085302589
4,77,0.7766278011903942,0.7766278011903942
4,78,0.7727022307203257,0.7727022307203257
4,79,0.7771868136812784,0.7771868136812784
4,80,0.7747997876736229,0.7747997876736229
4,81,0.7778573358738234,0.7778573358738234
4,82,0.7780625894256754,0.7780625894256754
4,83,0.778871112003497,0.778871112003497
4,84,0.77840624194884,0.77840624194884
4,85,0.7784364266802566,0.7784364266802566
4,86,0.7778067850584915,0.7778067850584915
4,87,0.7793295238959818,0.7793295238959818
4,88,0.779073358810583,0.779073358810583
4,89,0.7810203182376186,0.7810203182376186
4,90,0.782544656836137,0.782544656836137
4,91,0.7800120193445657,0.7800120193445657
4,92,0.7833465191061615,0.7833465191061615
4,93,0.780804045376837,0.780804045376837
4,94,0.7827115781578871,0.7827115781578871
4,95,0.7835321334938452,0.7835321334938452
4,96,0.7845773633300979,0.7845773633300979
4,97,0.7842991683632938,0.7842991683632938
4,98,0.7907871515793048,0.7907871515793048
4,99,0.790994981049043,0.790994981049043
4,100,0.7898683385173529,0.7898683385173529
4,101,0.7904495833736034,0.7904495833736034
4,102,0.7937675906485588,0.7937675906485588
4,103,0.7913974548908564,0.7913974548908564
4,104,0.7913341374404743,0.7913341374404743
4,105,0.7889934876409843,0.7889934876409843
4,106,0.7926290701020151,0.7926290701020151
4,107,0.7919441148038766,0.7919441148038766
4,108,0.7915786505082475,0.7915786505082475
4,109,0.791265849852125,0.791265849852125
4,110,0.7938084378348623,0.7938084378348623
4,111,0.7938060411935386,0.7938060411935386
4,112,0.7933613903909973,0.7933613903909973
4,113,0.7942922735053695,0.7942922735053695
4,114,0.7932614629807502,0.7932614629807502
4,115,0.7937680104585504,0.7937680104585504
4,116,0.7941686774753399,0.7941686774753399
4,117,0.7957001777637663,0.7957001777637663
4,118,0.794558713240749,0.794558713240749
4,119,0.7961784192246437,0.7961784192246437
4,120,0.7944239988908418,0.7944239988908418
4,121,0.7958157368075428,0.7958157368075428
4,122,0.7955460127888323,0.7955460127888323
4,123,0.795103153136644,0.795103153136644
4,124,0.7966398185947114,0.7966398185947114
4,125,0.7972441675325151,0.7972441675325151
4,126,0.7978426667749071,0.7978426667749071
4,127,0.7958531675256961,0.7958531675256961
4,128,0.7958303616612967,0.7958303616612967
4,129,0.7954455317658652,0.7954455317658652
4,130,0.7955249103131264,0.7955249103131264
4,131,0.7962225785605558,0.7962225785605558
4,132,0.796899651911379,0.796899651911379
4,133,0.7976480102193569,0.7976480102193569
4,134,0.7985345132927877,0.7985345132927877
4,135,0.7960825708279657,0.7960825708279657
4,136,0.7981004118505901,0.7981004118505901
4,137,0.7978694543757283,0.7978694543757283
4,138,0.799870112092897,0.799870112092897
4,139,0.7983431136480452,0.7983431136480452
4,140,0.7991376861663428,0.7991376861663428
4,141,0.7980299852035379,0.7980299852035379
4,142,0.7986263137130751,0.7986263137130751
4,143,0.7988400088684169,0.7988400088684169
4,144,0.8003207734982252,0.8003207734982252
4,145,0.7989921106669263,0.7989921106669263
4,146,0.7994423073532076,0.7994423073532076
4,147,0.7982536075029254,0.7982536075029254
4,148,0.7986748516146783,0.7986748516146783
4,149,0.800878479202022,0.800878479202022
4,150,0.7989842443446908,0.7989842443446908
4,151,0.8002829153735935,0.8002829153735935
4,152,0.8004045413888959,0.8004045413888959
4,153,0.7995168846490031,0.7995168846490031
4,154,0.8000684000973216,0.8000684000973216
4,155,0.8007707525998443,0.8007707525998443
4,156,0.8021575064765631,0.8021575064765631
4,157,0.8018558807956316,0.8018558807956316
4,158,0.8022572391683257,0.8022572391683257
4,159,0.8022789763377061,0.8022789763377061
4,160,0.8025754446832165,0.8025754446832165
4,161,0.8024754409380889,0.8024754409380889
4,162,0.8028999482195938,0.8028999482195938
4,163,0.8028677506809399,0.8028677506809399
4,164,0.8028743172709002,0.8028743172709002
4,165,0.8031686082613949,0.8031686082613949
4,166,0.8027198938511495,0.8027198938511495
4,167,0.8023031537517807,0.8023031537517807
4,168,0.8022628836237531,0.8022628836237531
4,169,0.8021603994039745,0.8021603994039745
4,170,0.8022067426530575,0.8022067426530575
4,171,0.8021247030963048,0.8021247030963048
4,172,0.8021182079273732,0.8021182079273732
4,173,0.8015174320404045,0.8015174320404045
4,174,0.8003564623008359,0.8003564623008359
4,175,0.8002763944083934,0.8002763944083934
4,176,0.7999706378411553,0.7999706378411553
4,177,0.8001578973678493,0.8001578973678493
4,178,0.800330975222327,0.800330975222327
4,179,0.8000156246143756,0.8000156246143756
4,180,0.8000339618341047,0.8000339618341047
4,181,0.8005067876909884,0.8005067876909884
4,182,0.8003213752813516,0.8003213752813516
4,183,0.8002963407940065,0.8002963407940065
4,184,0.8002798058386558,0.8002798058386558
4,185,0.8008043219837295,0.8008043219837295
4,186,0.8008116368516687,0.8008116368516687
4,187,0.801755568050159,0.801755568050159
4,188,0.8020277496487146,0.8020277496487146
4,189,0.8008125391166854,0.8008125391166854
4,190,0.8004550907144001,0.8004550907144001
5,1,0.16958708488413943,0.16958708488413943
5,2,0.17912158365029707,0.17912158365029707
5,3,0.3107686913301747,0.3107686913301747
5,4,0.3164856435473118,0.3164856435473118
5,5,0.33301238818488044,0.33301238818488044
5,6,0.3917935980154802,0.3917935980154802
5,7,0.4061583811690863,0.4061583811690863
5,8,0.40776204487417156,0.40776204487417156
5,9,0.40961980885927385,0.40961980885927385
5,10,0.410024402072691,0.410024402072691
5,11,0.4129383913908694,0.4129383913908694
5,12,0.44336426919208904,0.44336426919208904
5,13,0.44983704307969186,0.44983704307969186
5,14,0.4563300259081462,0.4563300259081462
5,15,0.45679700610154117,0.45679700610154117
5,16,0.45643211907108794,0.45643211907108794
5,17,0.4571672958373878,0.4571672958373878
5,18,0.4578436931131292,0.4578436931131292
5,19,0.4688976518377467,0.4688976518377467
5,20,0.47008513171991884,0.47008513171991884
5,21,0.4705214339992455,0.4705214339992455
5,22,0.47327579523198493,0.47327579523198493
5,23,0.4750491412858139,0.4750491412858139
5,24,0.4757448905992352,0.4757448905992352
5,25,0.48401227613393494,0.48401227613393494
5,26,0.4849994541358834,0.4849994541358834
5,27,0.4857008563831827,0.4857008563831827
5,28,0.48721711167866866,0.48721711167866866
5,29,0.487070757552285,0.487070757552285
5,30,0.4857632299504927,0.4857632299504927
5,31,0.49146709624210594,0.49146709624210594
5,32,0.49860590934710336,0.49860590934710336
5,33,0.4967596996435153,0.4967596996435153
5,34,0.5012541955803562,0.5012541955803562
5,35,0.503892697163133,0.503892697163133
5,36,0.5035870240469791,0.5035870240469791
5,37,0.5049620309208188,0.5049620309208188
5,38,0.5046308978636076,0.5046308978636076
5,39,0.5063797270755146,0.5063797270755146
5,40,0.5086370155513725,0.5086370155513725
5,41,0.5108638919061443,0.5108638919061443
5,42,0.5154334084122534,0.5154334084122534
5,43,0.5183886989316466,0.5183886989316466
5,44,0.517996637850738,0.517996637850738
5,45,0.5206919436282318,0.5206919436282318
5,46,0.5220005837843686,0.5220005837843686
5,47,0.5222412326305482,0.5222412326305482
5,48,0.5246100190132645,0.5246100190132645
5,49,0.5221900236775119,0.5221900236775119
5,50,0.5305144165538374,0.5305144165538374
5,51,0.5259042404721769,0.5259042404721769
5,52,0.5265318784131515,0.5265318784131515
5,53,0.5313836459063115,0.5313836459063115
5,54,0.5339293445921268,0.5339293445921268
5,55,0.532689507345925,0.532689507345925
5,56,0.5342946215594567,0.5342946215594567
5,57,0.5332582613811405,0.5332582613811405
5,58,0.5346400311684683,0.5346400311684683
5,59,0.5344211444542146,0.5344211444542146
5,60,0.5359447613001254,0.5359447613001254
5,61,0.5359318034804702,0.5359318034804702
5,62,0.5369485261919086,0.5369485261919086
5,63,0.5384358598853487,0.5384358598853487
5,64,0.536821046879004,0.536821046879004
5,65,0.5369171968367306,0.5369171968367306
5,66,0.53901512742347,0.53901512742347
5,67,0.5370501580909016,0.5370501580909016
5,68,0.5373192581946533,0.5373192581946533
5,69,0.540844214903125,0.540844214903125
5,70,0.5412237948840906,0.5412237948840906
5,71,0.539918016572553,0.539918016572553
5,72,0.5419833845658755,0.5419833845658755
5,73,0.5445180555508848,0.5445180555508848
5,74,0.5450758709819186,0.5450758709819186
5,75,0.5518697585967196,0.5518697585967196
5,76,0.5510675723127233,0.5510675723127233
5,77,0.5538495139606676,0.5538495139606676
5,78,0.5537703082136156,0.5537703082136156
5,79,0.5547798429724755,0.5547798429724755
5,80,0.5522687311009394,0.5522687311009394
5,81,0.5535675929082746,0.5535675929082746
5,82,0.554478987731573,0.554478987731573
5,83,0.5534994139682361,0.5534994139682361
5,84,0.5558442754298845,0.5558442754298845
5,85,0.5538708072148764,0.5538708072148764
5,86,0.556313675686225,0.556313675686225
5,87,0.5578726444947539,0.5578726444947539
5,88,0.558178277387311,0.558178277387311
5,89,0.5602506637956105,0.5602506637956105
5,90,0.5556699662518809,0.5556699662518809
5,91,0.5596558990329488,0.5596558990329488
5,92,0.5602596317255301,0.5602596317255301
5,93,0.5609102353874282,0.5609102353874282
5,94,0.5649350733828186,0.5649350733828186
5,95,0.5612033766058204,0.5612033766058204
5,96,0.5643192552747007,0.5643192552747007
5,97,0.5652294797213471,0.5652294797213471
5,98,0.5654870227366625,0.5654870227366625
5,99,0.568000436627502,0.568000436627502
5,100,0.5699435721092562,0.5699435721092562
5,101,0.567237054657711,0.567237054657711
5,102,0.5699311760468109,0.5699311760468109
5,103,0.5719073645753341,0.5719073645753341
5,104,0.5714450548957639,0.5714450548957639
5,105,0.5719304279275175,0.5719304279275175
5,106,0.5737479913234955,0.5737479913234955
5,107,0.5754436454591513,0.5754436454591513
5,108,0.5752979051108966,0.5752979051108966
5,109,0.5780988785479702,0.5780988785479702
5,110,0.5747749863779985,0.5747749863779985
5,111,0.5789752156190847,0.5789752156190847
5,112,0.5772165770982522,0.5772165770982522
5,113,0.5772542322633111,0.5772542322633111
5,114,0.5787179857986753,0.5787179857986753
5,115,0.5776156773740082,0.5776156773740082
5,116,0.5769613113550702,0.5769613113550702
5,117,0.5794613034107741,0.5794613034107741
5,118,0.5813698992694851,0.5813698992694851
5,119,0.5811231465020539,0.5811231465020539
5,120,0.5820887862178752,0.5820887862178752
5,121,0.5832632728214231,0.5832632728214231
5,122,0.58110635331341,0.58110635331341
5,123,0.5823288806572973,0.5823288806572973
5,124,0.5845422737644321,0.5845422737644321
5,125,0.5819336357398371,0.5819336357398371
5,126,0.5828136657423935,0.5828136657423935
5,127,0.5853034488977564,0.5853034488977564
5,128,0.5848929067508486,0.5848929067508486
5,129,0.5872131308295114,0.5872131308295114
5,130,0.5870244302438463,0.5870244302438463
5,131,0.586415990084862,0.586415990084862
5,132,0.5873019770506898,0.5873019770506898
5,133,0.5882514517184316,0.5882514517184316
5,134,0.5884061448064579,0.5884061448064579
5,135,0.5875262440904899,0.5875262440904899
5,136,0.5891239744003693,0.5891239744003693
5,137,0.5908232165494394,0.5908232165494394
5,138,0.5905577552707147,0.5905577552707147
5,139,0.5909916338844339,0.5909916338844339
5,140,0.5908420033074135,0.5908420033074135
5,141,0.5907896572233646,0.5907896572233646
5,142,0.5927875233228321,0.5927875233228321
5,143,0.5941987855886322,0.5941987855886322
5,144,0.5946747712761554,0.5946747712761554
5,145,0.5913248482342623,0.5913248482342623
5,146,0.596282733822348,0.596282733822348
5,147,0.5959263587924335,0.5959263587924335
5,148,0.5964631797849598,0.5964631797849598
5,149,0.596075611756614,0.596075611756614
5,150,0.5967390668877345,0.5967390668877345
5,151,0.596905907817946,0.596905907817946
5,152,0.596467071267342,0.596467071267342
5,153,0.5980279818078398,0.5980279818078398
5,154,0.5982842126741472,0.5982842126741472
5,155,0.6003663951105543,0.6003663951105543
5,156,0.6008159672718744,0.6008159672718744
5,157,0.601508495709123,0.601508495709123
5,158,0.6023254744577811,0.6023254744577811
5,159,0.6021973185071066,0.6021973185071066
5,160,0.6025756022748092,0.6025756022748092
5,161,0.6026897822353483,0.6026897822353483
5,162,0.602698088435826,0.602698088435826
5,163,0.6027726234459041,0.6027726234459041
5,164,0.602702091706135,0.602702091706135
5,165,0.603155682699275,0.603155682699275
5,166,0.6031529614688669,0.6031529614688669
5,167,0.6031100613156033,0.6031100613156033
5,168,0.6031139248393775,0.6031139248393775
5,169,0.6031169610708542,0.6031169610708542
5,170,0.603049688807151,0.603049688807151
5,171,0.6052271958674691,0.6052271958674691
5,172,0.6052326964012389,0.6052326964012389
5,173,0.6068558187628823,0.6068558187628823
5,174,0.6067714360848446,0.6067714360848446
5,175,0.6070025705210842,0.6070025705210842
5,176,0.6073436214442507,0.6073436214442507
5,177,0.6073678136184675,0.6073678136184675
5,178,0.6081651761740697,0.6081651761740697
5,179,0.6084308436835626,0.6084308436835626
5,180,0.6083696178768718,0.6083696178768718
5,181,0.6083899728337243,0.6083899728337243
5,182,0.6086146588167908,0.6086146588167908
5,183,0.6086504502698351,0.6086504502698351
5,184,0.6095800846106324,0.6095800846106324
5,185,0.6098764962819955,0.6098764962819955
5,186,0.6098810174319049,0.6098810174319049
5,187,0.6113490255306614,0.6113490255306614
5,188,0.612272446608273,0.612272446608273
5,189,0.6132962750299935,0.6132962750299935
5,190,0.6135331691749202,0.6135331691749202
