fold,dim,variance,r2
1,1,0.19038767839936688,0.19038767839936688
1,2,0.1980202072723921,0.1980202072723921
1,3,0.3601645995687871,0.3601645995687871
1,4,0.36777320450203355,0.36777320450203355
1,5,0.38555211332960426,0.38555211332960426
1,6,0.46059666840846447,0.46059666840846447
1,7,0.48100709574823497,0.48100709574823497
1,8,0.48312987699466825,0.48312987699466825
1,9,0.48432638483200496,0.48432638483200496
1,10,0.4843177841314905,0.4843177841314905
1,11,0.48795850460343027,0.48795850460343027
1,12,0.5194360609431665,0.5194360609431665
1,13,0.5282181294247944,0.5282181294247944
1,14,0.5387408934377917,0.5387408934377917
1,15,0.538917040962404,0.538917040962404
1,16,0.5394195713381847,0.5394195713381847
1,17,0.5396263404444182,0.5396263404444182
1,18,0.539953877125398,0.539953877125398
1,19,0.5556761151471588,0.5556761151471588
1,20,0.5580204940022326,0.5580204940022326
1,21,0.5582346869554187,0.5582346869554187
1,22,0.560179015778766,0.560179015778766
1,23,0.5615426955040008,0.5615426955040008
1,24,0.563987178235127,0.563987178235127
1,25,0.5663269717494649,0.5663269717494649
1,26,0.5718037950547905,0.5718037950547905
1,27,0.5707005444603824,0.5707005444603824
1,28,0.5704748938374843,0.5704748938374843
1,29,0.5698199643117341,0.5698199643117341
1,30,0.5705673891372762,0.5705673891372762
1,31,0.5729494958631627,0.5729494958631627
1,32,0.5844779180598185,0.5844779180598185
1,33,0.5857047838013647,0.5857047838013647
1,34,0.5887421695297095,0.5887421695297095
1,35,0.5918180470977019,0.5918180470977019
1,36,0.5950635925396502,0.5950635925396502
1,37,0.594768266231625,0.594768266231625
1,38,0.5962080895938611,0.5962080895938611
1,39,0.5983696328984719,0.5983696328984719
1,40,0.6040940423176125,0.6040940423176125
1,41,0.6050485746469241,0.6050485746469241
1,42,0.6039437373490275,0.6039437373490275
1,43,0.6043348109471411,0.6043348109471411
1,44,0.6103635126078256,0.6103635126078256
1,45,0.6101741806075741,0.6101741806075741
1,46,0.614345146261909,0.614345146261909
1,47,0.6182082513942782,0.6182082513942782
1,48,0.6216369516323422,0.6216369516323422
1,49,0.6186086931545749,0.6186086931545749
1,50,0.6182052516794438,0.6182052516794438
1,51,0.618883007866232,0.618883007866232
1,52,0.6221084164497905,0.6221084164497905
1,53,0.6234770593853824,0.6234770593853824
1,54,0.6284270730234627,0.6284270730234627
1,55,0.6276437589786088,0.6276437589786088
1,56,0.6252387466611007,0.6252387466611007
1,57,0.626219375690701,0.626219375690701
1,58,0.6288234633325753,0.6288234633325753
1,59,0.6298488266634007,0.6298488266634007
1,60,0.62987034507736,0.62987034507736
1,61,0.6289757550334307,0.6289757550334307
1,62,0.6312710395843096,0.6312710395843096
1,63,0.6297920583215271,0.6297920583215271
1,64,0.6304185465359022,0.6304185465359022
1,65,0.6298315020891108,0.6298315020891108
1,66,0.6301415236539707,0.6301415236539707
1,67,0.6344264002561832,0.6344264002561832
1,68,0.6308119468003863,0.6308119468003863
1,69,0.6308735435962738,0.6308735435962738
1,70,0.6313922103790142,0.6313922103790142
1,71,0.6344624308244473,0.6344624308244473
1,72,0.6402625303111402,0.6402625303111402
1,73,0.6370488182647871,0.6370488182647871
1,74,0.6400516772090168,0.6400516772090168
1,75,0.6397776142542726,0.6397776142542726
1,76,0.6441129794175204,0.6441129794175204
1,77,0.6444413200064915,0.6444413200064915
1,78,0.6463134072295579,0.6463134072295579
1,79,0.6448426017501888,0.6448426017501888
1,80,0.6466975021313102,0.6466975021313102
1,81,0.6448170048405664,0.6448170048405664
1,82,0.6436228278623264,0.6436228278623264
1,83,0.6471066239259389,0.6471066239259389
1,84,0.6512932595251892,0.6512932595251892
1,85,0.6493694152420874,0.6493694152420874
1,86,0.6504866159061848,0.6504866159061848
1,87,0.6497483080844704,0.6497483080844704
1,88,0.649347435738022,0.649347435738022
1,89,0.649178669467626,0.649178669467626
1,90,0.6489257594674049,0.6489257594674049
1,91,0.6521481891272378,0.6521481891272378
1,92,0.6512248650332981,0.6512248650332981
1,93,0.6514635547472702,0.6514635547472702
1,94,0.6513000989837336,0.6513000989837336
1,95,0.6530581055359361,0.6530581055359361
1,96,0.6546976567174663,0.6546976567174663
1,97,0.6512872778328136,0.6512872778328136
1,98,0.6580629392924666,0.6580629392924666
1,99,0.654734299062772,0.654734299062772
1,100,0.6598532617259689,0.6598532617259689
1,101,0.6601183477896406,0.6601183477896406
1,102,0.6584755755831018,0.6584755755831018
1,103,0.6611624189589635,0.6611624189589635
1,104,0.6619217777898994,0.6619217777898994
1,105,0.6623973987103409,0.6623973987103409
1,106,0.6636315678551148,0.6636315678551148
1,107,0.6651794612659564,0.6651794612659564
1,108,0.6618277423123439,0.6618277423123439
1,109,0.6641239950397739,0.6641239950397739
1,110,0.6651722114779859,0.6651722114779859
1,111,0.6636127125682244,0.6636127125682244
1,112,0.6668912844498851,0.6668912844498851
1,113,0.6668153837367221,0.6668153837367221
1,114,0.6691862203313736,0.6691862203313736
1,115,0.66671717243982,0.66671717243982
1,116,0.6697481234194944,0.6697481234194944
1,117,0.6692312096962577,0.6692312096962577
1,118,0.6695030985893862,0.6695030985893862
1,119,0.6679071364351321,0.6679071364351321
1,120,0.6709450931347485,0.6709450931347485
1,121,0.6685004992641295,0.6685004992641295
1,122,0.6710335789888147,0.6710335789888147
1,123,0.6726586266362493,0.6726586266362493
1,124,0.670039768588719,0.670039768588719
1,125,0.6723290088995934,0.6723290088995934
1,126,0.6722041926298219,0.6722041926298219
1,127,0.6748171819550576,0.6748171819550576
1,128,0.6732198572696761,0.6732198572696761
1,129,0.6753307143148272,0.6753307143148272
1,130,0.6746124289353753,0.6746124289353753
1,131,0.6773569423460384,0.6773569423460384
1,132,0.6773329704088541,0.6773329704088541
1,133,0.6762032432766041,0.6762032432766041
1,134,0.6768992275148324,0.6768992275148324
1,135,0.6772231173403578,0.6772231173403578
1,136,0.677267912789608,0.677267912789608
1,137,0.6796448299460092,0.6796448299460092
1,138,0.6793702048805903,0.6793702048805903
1,139,0.6805533924896957,0.6805533924896957
1,140,0.6798534594674781,0.6798534594674781
1,141,0.6825304787751396,0.6825304787751396
1,142,0.6808010217678271,0.6808010217678271
1,143,0.6813840935421172,0.6813840935421172
1,144,0.6813924629884576,0.6813924629884576
1,145,0.6822566745548482,0.6822566745548482
1,146,0.6811789112275501,0.6811789112275501
1,147,0.6846857648237625,0.6846857648237625
1,148,0.6841321079221319,0.6841321079221319
1,149,0.6836626255297789,0.6836626255297789
1,150,0.6836682198584735,0.6836682198584735
1,151,0.6831031269704139,0.6831031269704139
1,152,0.681937472521907,0.681937472521907
1,153,0.6833257022352881,0.6833257022352881
1,154,0.6837730766210677,0.6837730766210677
1,155,0.6855048545010175,0.6855048545010175
1,156,0.6871442629517837,0.6871442629517837
1,157,0.68714337762776,0.68714337762776
1,158,0.687741712087633,0.687741712087633
1,159,0.6882040637101721,0.6882040637101721
1,160,0.6887382385808709,0.6887382385808709
1,161,0.6888121245979635,0.6888121245979635
1,162,0.6889097428978266,0.6889097428978266
1,163,0.6888929804320638,0.6888929804320638
1,164,0.6889987097662795,0.6889987097662795
1,165,0.6893961920900356,0.6893961920900356
1,166,0.689356577771864,0.689356577771864
1,167,0.6891191526106736,0.6891191526106736
1,168,0.6891489752085196,0.6891489752085196
1,169,0.6891460759192596,0.6891460759192596
1,170,0.6891641061626237,0.6891641061626237
1,171,0.6910551814944468,0.6910551814944468
1,172,0.6918922244764885,0.6918922244764885
1,173,0.692942383973933,0.692942383973933
1,174,0.6934394026708587,0.6934394026708587
1,175,0.6938579624280411,0.6938579624280411
1,176,0.6938445964290583,0.6938445964290583
1,177,0.6937441254030494,0.6937441254030494
1,178,0.6948189047552842,0.6948189047552842
1,179,0.6957916655936967,0.6957916655936967
1,180,0.6959818157142801,0.6959818157142801
1,181,0.6959498568797879,0.6959498568797879
1,182,0.6963407826439266,0.6963407826439266
1,183,0.6963464359075451,0.6963464359075451
1,184,0.6971825943859298,0.6971825943859298
1,185,0.6976137605851294,0.6976137605851294
1,186,0.6976568886298725,0.6976568886298725
1,187,0.6984322679798075,0.6984322679798075
1,188,0.6995582416433765,0.6995582416433765
1,189,0.700415114002174,0.700415114002174
1,190,0.7009696945971049,0.7009696945971049
2,1,0.1757954462212905,0.1757954462212905
2,2,0.18589529454845122,0.18589529454845122
2,3,0.35545171649556373,0.35545171649556373
2,4,0.3610751367104985,0.3610751367104985
2,5,0.3790919308668925,0.3790919308668925
2,6,0.446920927497916,0.446920927497916
2,7,0.4668305249622763,0.4668305249622763
2,8,0.4675623325814451,0.4675623325814451
2,9,0.46866029428009104,0.46866029428009104
2,10,0.4691834226441596,0.4691834226441596
2,11,0.4734777370690948,0.4734777370690948
2,12,0.5122786249223548,0.5122786249223548
2,13,0.5161519767975973,0.5161519767975973
2,14,0.5303103019056226,0.5303103019056226
2,15,0.5308047640857034,0.5308047640857034
2,16,0.5312578732338429,0.5312578732338429
2,17,0.5320975687354608,0.5320975687354608
2,18,0.5325555889840766,0.5325555889840766
2,19,0.5473911969653681,0.5473911969653681
2,20,0.5489577039954738,0.5489577039954738
2,21,0.5501671936349841,0.5501671936349841
2,22,0.5518021783162196,0.5518021783162196
2,23,0.5540491158222356,0.5540491158222356
2,24,0.554510377878991,0.554510377878991
2,25,0.5601548266760201,0.5601548266760201
2,26,0.564658514977096,0.564658514977096
2,27,0.5637153053071648,0.5637153053071648
2,28,0.5637347530164845,0.5637347530164845
2,29,0.5648511576258177,0.5648511576258177
2,30,0.5694607515277998,0.5694607515277998
2,31,0.5737240875498119,0.5737240875498119
2,32,0.5787663059085992,0.5787663059085992
2,33,0.5825952627774432,0.5825952627774432
2,34,0.5862637318424921,0.5862637318424921
2,35,0.5852349503749731,0.5852349503749731
2,36,0.5865784317193907,0.5865784317193907
2,37,0.5887177464961764,0.5887177464961764
2,38,0.5898186015124133,0.5898186015124133
2,39,0.5930446512816308,0.5930446512816308
2,40,0.5947056478617314,0.5947056478617314
2,41,0.5980663474457453,0.5980663474457453
2,42,0.5975475211501935,0.5975475211501935
2,43,0.6038536686869573,0.6038536686869573
2,44,0.6026952610531116,0.6026952610531116
2,45,0.6068184223531499,0.6068184223531499
2,46,0.6070562088910252,0.6070562088910252
2,47,0.6072202352031817,0.6072202352031817
2,48,0.6099116801569079,0.6099116801569079
2,49,0.6127634452507867,0.6127634452507867
2,50,0.6132768877312151,0.6132768877312151
2,51,0.6126349446681794,0.6126349446681794
2,52,0.6139503048797386,0.6139503048797386
2,53,0.6143706631068586,0.6143706631068586
2,54,0.6191539556505682,0.6191539556505682
2,55,0.6195880884256105,0.6195880884256105
2,56,0.6208530293485524,0.6208530293485524
2,57,0.6217687277081381,0.6217687277081381
2,58,0.6214164908681993,0.6214164908681993
2,59,0.6208734274479821,0.6208734274479821
2,60,0.6240023421288873,0.6240023421288873
2,61,0.6245597717398531,0.6245597717398531
2,62,0.6233370557461804,0.6233370557461804
2,63,0.6252972201712681,0.6252972201712681
2,64,0.6239018299255739,0.6239018299255739
2,65,0.6241587693433812,0.6241587693433812
2,66,0.6251529435814742,0.6251529435814742
2,67,0.627816730039134,0.627816730039134
2,68,0.6307542653335544,0.6307542653335544
2,69,0.6276647087451763,0.6276647087451763
2,70,0.6307923138040297,0.6307923138040297
2,71,0.631456279305799,0.631456279305799
2,72,0.6358526247038215,0.6358526247038215
2,73,0.6337766813398393,0.6337766813398393
2,74,0.6330986801468099,0.6330986801468099
2,75,0.6400016848333372,0.6400016848333372
2,76,0.6413935762256129,0.6413935762256129
2,77,0.6415062253938703,0.6415062253938703
2,78,0.6447316678396334,0.6447316678396334
2,79,0.6420249157590983,0.6420249157590983
2,80,0.6440561497544302,0.6440561497544302
2,81,0.6459641089693995,0.6459641089693995
2,82,0.6470244381995451,0.6470244381995451
2,83,0.6444510820625631,0.6444510820625631
2,84,0.645915763144254,0.645915763144254
2,85,0.6454949040557202,0.6454949040557202
2,86,0.6487589779238521,0.6487589779238521
2,87,0.6470788176578199,0.6470788176578199
2,88,0.6473610262358456,0.6473610262358456
2,89,0.6474356405351992,0.6474356405351992
2,90,0.6489883154285532,0.6489883154285532
2,91,0.65012193309674,0.65012193309674
2,92,0.6500817033066759,0.6500817033066759
2,93,0.6511164967195702,0.6511164967195702
2,94,0.652962090086419,0.652962090086419
2,95,0.649625029177722,0.649625029177722
2,96,0.6546342506159479,0.6546342506159479
2,97,0.6550122548691633,0.6550122548691633
2,98,0.6551066374808577,0.6551066374808577
2,99,0.6552029506335819,0.6552029506335819
2,100,0.6609527230508031,0.6609527230508031
2,101,0.6518216255035223,0.6518216255035223
2,102,0.6626974688866605,0.6626974688866605
2,103,0.6622223935770465,0.6622223935770465
2,104,0.6623522303427098,0.6623522303427098
2,105,0.6632006298784723,0.6632006298784723
2,106,0.6645048641089076,0.6645048641089076
2,107,0.6617856039043839,0.6617856039043839
2,108,0.6636217306283194,0.6636217306283194
2,109,0.6665023805146857,0.6665023805146857
2,110,0.6648880230144927,0.6648880230144927
2,111,0.6657222475584492,0.6657222475584492
2,112,0.6673015034186837,0.6673015034186837
2,113,0.6669314860871958,0.6669314860871958
2,114,0.6667935042236572,0.6667935042236572
2,115,0.6678486086423955,0.6678486086423955
2,116,0.6685249081936588,0.6685249081936588
2,117,0.6690484695365784,0.6690484695365784
2,118,0.6691402863242069,0.6691402863242069
2,119,0.6686779155541914,0.6686779155541914
2,120,0.6723921066321843,0.6723921066321843
2,121,0.6716384080856362,0.6716384080856362
2,122,0.6720715439918874,0.6720715439918874
2,123,0.67104179133073,0.67104179133073
2,124,0.6722557683901837,0.6722557683901837
2,125,0.6709508718560515,0.6709508718560515
2,126,0.6736657217097284,0.6736657217097284
2,127,0.6747624662823551,0.6747624662823551
2,128,0.6741307493112494,0.6741307493112494
2,129,0.6755319757657203,0.6755319757657203
2,130,0.6765236079842406,0.6765236079842406
2,131,0.6768023663373314,0.6768023663373314
2,132,0.6747364122547503,0.6747364122547503
2,133,0.6768393911129609,0.6768393911129609
2,134,0.6768954217151312,0.6768954217151312
2,135,0.6782552280968306,0.6782552280968306
2,136,0.6765960481511364,0.6765960481511364
2,137,0.6798931528611614,0.6798931528611614
2,138,0.680148477353506,0.680148477353506
2,139,0.6816397957478125,0.6816397957478125
2,140,0.6807136503624437,0.6807136503624437
2,141,0.679972800246815,0.679972800246815
2,142,0.682920848635042,0.682920848635042
2,143,0.6828492153658585,0.6828492153658585
2,144,0.6833576557738439,0.6833576557738439
2,145,0.6821407840688993,0.6821407840688993
2,146,0.6840480693150499,0.6840480693150499
2,147,0.6841186997951108,0.6841186997951108
2,148,0.6850325575321181,0.6850325575321181
2,149,0.6845270399655723,0.6845270399655723
2,150,0.6862456651659372,0.6862456651659372
2,151,0.6873258561346927,0.6873258561346927
2,152,0.6867569243923373,0.6867569243923373
2,153,0.6867835574124819,0.6867835574124819
2,154,0.6883096453872727,0.6883096453872727
2,155,0.6902679539821314,0.6902679539821314
2,156,0.6902730510331977,0.6902730510331977
2,157,0.6902597850372665,0.6902597850372665
2,158,0.6903613562281377,0.6903613562281377
2,159,0.6903479530461802,0.6903479530461802
2,160,0.6905759400490593,0.6905759400490593
2,161,0.6909387821186512,0.6909387821186512
2,162,0.6909380981426028,0.6909380981426028
2,163,0.6911970104719267,0.6911970104719267
2,164,0.6911913596489077,0.6911913596489077
2,165,0.6920859353855936,0.6920859353855936
2,166,0.6920416077978722,0.6920416077978722
2,167,0.6920221349935335,0.6920221349935335
2,168,0.6919659027001963,0.6919659027001963
2,169,0.6919594196891412,0.6919594196891412
2,170,0.6919454349344677,0.6919454349344677
2,171,0.6936944491657557,0.6936944491657557
2,172,0.6936040326143076,0.6936040326143076
2,173,0.694425489043565,0.694425489043565
2,174,0.6944712419336834,0.6944712419336834
2,175,0.6947483724047893,0.6947483724047893
2,176,0.6945940541250468,0.6945940541250468
2,177,0.6949187545855989,0.6949187545855989
2,178,0.6957764088541167,0.6957764088541167
2,179,0.6957816792794091,0.6957816792794091
2,180,0.6957812013503318,0.6957812013503318
2,181,0.6957082277652018,0.6957082277652018
2,182,0.6955400235201842,0.6955400235201842
2,183,0.6955785847889266,0.6955785847889266
2,184,0.695777871061678,0.695777871061678
2,185,0.6954759375420985,0.6954759375420985
2,186,0.6954657483811635,0.6954657483811635
2,187,0.6962979864830228,0.6962979864830228
2,188,0.6971015910564465,0.6971015910564465
2,189,0.6975658172001573,0.6975658172001573
2,190,0.6969636068795033,0.6969636068795033
3,1,0.15806733615481072,0.15806733615481072
3,2,0.16434591414962185,0.16434591414962185
3,3,0.3222441433713079,0.3222441433713079
3,4,0.3261983496504226,0.3261983496504226
3,5,0.34289651292878787,0.34289651292878787
3,6,0.40719867280631117,0.40719867280631117
3,7,0.42753933292043556,0.42753933292043556
3,8,0.42790870704748607,0.42790870704748607
3,9,0.4284379273747462,0.4284379273747462
3,10,0.42854404147535574,0.42854404147535574
3,11,0.4315377779017542,0.4315377779017542
3,12,0.45852936430204094,0.45852936430204094
3,13,0.46882182219864477,0.46882182219864477
3,14,0.47598997522924513,0.47598997522924513
3,15,0.47643719306271237,0.47643719306271237
3,16,0.47721991431321775,0.47721991431321775
3,17,0.47822596320335997,0.47822596320335997
3,18,0.4792732651329432,0.4792732651329432
3,19,0.49235233048840155,0.49235233048840155
3,20,0.4926716641739284,0.4926716641739284
3,21,0.4954404423919446,0.4954404423919446
3,22,0.49787305649611824,0.49787305649611824
3,23,0.49735933263449295,0.49735933263449295
3,24,0.5014594508137862,0.5014594508137862
3,25,0.5065708508919367,0.5065708508919367
3,26,0.5115752989918647,0.5115752989918647
3,27,0.5107597453432753,0.5107597453432753
3,28,0.5132077480296098,0.5132077480296098
3,29,0.5124824257708149,0.5124824257708149
3,30,0.5139405125797556,0.5139405125797556
3,31,0.5251749078651882,0.5251749078651882
3,32,0.5238371252970251,0.5238371252970251
3,33,0.5274927795373684,0.5274927795373684
3,34,0.5269350779833906,0.5269350779833906
3,35,0.5356581155223696,0.5356581155223696
3,36,0.5336211824888069,0.5336211824888069
3,37,0.5401915096020904,0.5401915096020904
3,38,0.5374214659687191,0.5374214659687191
3,39,0.5376110193950097,0.5376110193950097
3,40,0.5443461047916882,0.5443461047916882
3,41,0.5428321695509493,0.5428321695509493
3,42,0.5452335226514919,0.5452335226514919
3,43,0.5481469112435916,0.5481469112435916
3,44,0.5490190220257064,0.5490190220257064
3,45,0.552215404173839,0.552215404173839
3,46,0.5542493168738611,0.5542493168738611
3,47,0.5507292108476953,0.5507292108476953
3,48,0.5554335087304858,0.5554335087304858
3,49,0.5535189239110287,0.5535189239110287
3,50,0.5561396006480559,0.5561396006480559
3,51,0.5562431157726748,0.5562431157726748
3,52,0.5577102654646522,0.5577102654646522
3,53,0.5632026116102207,0.5632026116102207
3,54,0.5622646913232681,0.5622646913232681
3,55,0.5659611676251404,0.5659611676251404
3,56,0.5653102709877947,0.5653102709877947
3,57,0.5651924626684026,0.5651924626684026
3,58,0.5663564744107215,0.5663564744107215
3,59,0.5659589845486795,0.5659589845486795
3,60,0.5681945912688142,0.5681945912688142
3,61,0.5684904079447619,0.5684904079447619
3,62,0.568788070477835,0.568788070477835
3,63,0.5679984174977404,0.5679984174977404
3,64,0.567164834346631,0.567164834346631
3,65,0.5696591857888257,0.5696591857888257
3,66,0.5689642645309319,0.5689642645309319
3,67,0.5701108144065983,0.5701108144065983
3,68,0.572529610912335,0.572529610912335
3,69,0.5715459656688411,0.5715459656688411
3,70,0.5762789117941607,0.5762789117941607
3,71,0.5778094048043907,0.5778094048043907
3,72,0.5746136003000333,0.5746136003000333
3,73,0.5749225259829974,0.5749225259829974
3,74,0.5791288693319537,0.5791288693319537
3,75,0.5833841776487689,0.5833841776487689
3,76,0.5846718435093589,0.5846718435093589
3,77,0.5866155010663561,0.5866155010663561
3,78,0.5852595316429949,0.5852595316429949
3,79,0.5865621224057594,0.5865621224057594
3,80,0.585795376089572,0.585795376089572
3,81,0.5901735382906228,0.5901735382906228
3,82,0.5889504070079368,0.5889504070079368
3,83,0.589930940146898,0.589930940146898
3,84,0.590420713176713,0.590420713176713
3,85,0.5930094413846212,0.5930094413846212
3,86,0.5919392932344474,0.5919392932344474
3,87,0.5901064837796886,0.5901064837796886
3,88,0.5934657723265329,0.5934657723265329
3,89,0.5971209674633289,0.5971209674633289
3,90,0.5934244928752556,0.5934244928752556
3,91,0.594912518759345,0.594912518759345
3,92,0.5966519789922133,0.5966519789922133
3,93,0.5974698924907562,0.5974698924907562
3,94,0.5965686665466436,0.5965686665466436
3,95,0.5999557582380747,0.5999557582380747
3,96,0.6003063522264914,0.6003063522264914
3,97,0.6032720230531865,0.6032720230531865
3,98,0.6075273181105244,0.6075273181105244
3,99,0.6067926895270424,0.6067926895270424
3,100,0.6045693745778093,0.6045693745778093
3,101,0.6107896285259911,0.6107896285259911
3,102,0.612043890558887,0.612043890558887
3,103,0.6133393805146936,0.6133393805146936
3,104,0.612908267810254,0.612908267810254
3,105,0.6135743185140592,0.6135743185140592
3,106,0.6135843390752497,0.6135843390752497
3,107,0.6154280548981459,0.6154280548981459
3,108,0.6141938980821402,0.6141938980821402
3,109,0.6141851062480028,0.6141851062480028
3,110,0.6153884574145696,0.6153884574145696
3,111,0.6190494929541763,0.6190494929541763
3,112,0.6185119206990068,0.6185119206990068
3,113,0.6184813106693059,0.6184813106693059
3,114,0.6195547001965932,0.6195547001965932
3,115,0.6203792265505894,0.6203792265505894
3,116,0.6201638929362792,0.6201638929362792
3,117,0.6221789952344662,0.6221789952344662
3,118,0.622529701090444,0.622529701090444
3,119,0.6222949349464064,0.6222949349464064
3,120,0.6253577948245846,0.6253577948245846
3,121,0.6255011693612242,0.6255011693612242
3,122,0.6275208305239162,0.6275208305239162
3,123,0.6233865443601088,0.6233865443601088
3,124,0.6252807786628565,0.6252807786628565
3,125,0.6261141417195779,0.6261141417195779
3,126,0.6265679805899784,0.6265679805899784
3,127,0.6284465940458002,0.6284465940458002
3,128,0.629194491359159,0.629194491359159
3,129,0.6270688692413218,0.6270688692413218
3,130,0.6273218701107286,0.6273218701107286
3,131,0.6297755596706872,0.6297755596706872
3,132,0.6295544683528826,0.6295544683528826
3,133,0.6314085990704159,0.6314085990704159
3,134,0.6285100306363871,0.6285100306363871
3,135,0.6296415721338127,0.6296415721338127
3,136,0.6301473016185215,0.6301473016185215
3,137,0.629897932958734,0.629897932958734
3,138,0.6325803683089781,0.6325803683089781
3,139,0.630552960110107,0.630552960110107
3,140,0.6349146694608225,0.6349146694608225
3,141,0.6321883229597827,0.6321883229597827
3,142,0.6353153401048586,0.6353153401048586
3,143,0.6320781524526328,0.6320781524526328
3,144,0.6340027915513224,0.6340027915513224
3,145,0.6348727604471487,0.6348727604471487
3,146,0.6364836168999043,0.6364836168999043
3,147,0.6394764006666181,0.6394764006666181
3,148,0.6379852364863452,0.6379852364863452
3,149,0.6382057278790481,0.6382057278790481
3,150,0.6377383156981495,0.6377383156981495
3,151,0.6384284682431551,0.6384284682431551
3,152,0.638779332902291,0.638779332902291
3,153,0.6389180387372324,0.6389180387372324
3,154,0.6391350393431594,0.6391350393431594
3,155,0.64240496085101,0.64240496085101
3,156,0.6428418536118665,0.6428418536118665
3,157,0.6428086183292113,0.6428086183292113
3,158,0.64382588641996,0.64382588641996
3,159,0.6438287662947545,0.6438287662947545
3,160,0.6441339440781665,0.6441339440781665
3,161,0.6444459244425467,0.6444459244425467
3,162,0.6444123212280723,0.6444123212280723
3,163,0.6448355588531283,0.6448355588531283
3,164,0.644852844258736,0.644852844258736
3,165,0.6457049626088702,0.6457049626088702
3,166,0.6457504265638865,0.6457504265638865
3,167,0.6456535211524627,0.6456535211524627
3,168,0.64553639077901,0.64553639077901
3,169,0.6455920494126208,0.6455920494126208
3,170,0.6460590742900952,0.6460590742900952
3,171,0.6470227476259874,0.6470227476259874
3,172,0.6468712210424551,0.6468712210424551
3,173,0.6469911969143447,0.6469911969143447
3,174,0.6494416392652284,0.6494416392652284
3,175,0.6494433862175071,0.6494433862175071
3,176,0.6494552564543146,0.6494552564543146
3,177,0.6494541953445088,0.6494541953445088
3,178,0.6501499080584681,0.6501499080584681
3,179,0.6501060855094561,0.6501060855094561
3,180,0.6501073846893451,0.6501073846893451
3,181,0.6501071174235515,0.6501071174235515
3,182,0.6506220977394309,0.6506220977394309
3,183,0.6506246568530207,0.6506246568530207
3,184,0.6516794908232912,0.6516794908232912
3,185,0.6520449561780168,0.6520449561780168
3,186,0.6520399450455168,0.6520399450455168
3,187,0.652278504621218,0.652278504621218
3,188,0.654469658166135,0.654469658166135
3,189,0.6543700698125614,0.6543700698125614
3,190,0.6546627250108515,0.6546627250108515
4,1,0.2043645353625354,0.2043645353625354
4,2,0.21528485359118998,0.21528485359118998
4,3,0.35541444907883246,0.35541444907883246
4,4,0.3611347707257728,0.3611347707257728
4,5,0.37883983072365846,0.37883983072365846
4,6,0.45126447186255325,0.45126447186255325
4,7,0.4654150094162427,0.4654150094162427
4,8,0.46564137987424603,0.46564137987424603
4,9,0.4674344811341139,0.4674344811341139
4,10,0.46769334994113987,0.46769334994113987
4,11,0.47301782204282694,0.47301782204282694
4,12,0.5020390763916223,0.5020390763916223
4,13,0.5090797595840577,0.5090797595840577
4,14,0.5157745734190482,0.5157745734190482
4,15,0.5161452266612616,0.5161452266612616
4,16,0.516215317917408,0.516215317917408
4,17,0.5171082731652161,0.5171082731652161
4,18,0.5174253120886265,0.5174253120886265
4,19,0.528906729760762,0.528906729760762
4,20,0.5307918763375277,0.5307918763375277
4,21,0.530327834219441,0.530327834219441
4,22,0.5343077399830994,0.5343077399830994
4,23,0.5355404164610351,0.5355404164610351
4,24,0.5375100840456595,0.5375100840456595
4,25,0.5432372508547869,0.5432372508547869
4,26,0.5448626510558854,0.5448626510558854
4,27,0.5459879873569946,0.5459879873569946
4,28,0.5453361258681448,0.5453361258681448
4,29,0.543871157371353,0.543871157371353
4,30,0.5455488318206788,0.5455488318206788
4,31,0.5483261700769471,0.5483261700769471
4,32,0.5550940791214675,0.5550940791214675
4,33,0.5605220751760468,0.5605220751760468
4,34,0.561331779086969,0.561331779086969
4,35,0.5633000408265952,0.5633000408265952
4,36,0.5665162592246769,0.5665162592246769
4,37,0.5677450884208575,0.5677450884208575
4,38,0.5681938434624697,0.5681938434624697
4,39,0.5716248494096079,0.5716248494096079
4,40,0.571111261822099,0.571111261822099
4,41,0.5778355085866083,0.5778355085866083
4,42,0.579015521798407,0.579015521798407
4,43,0.5809304092581293,0.5809304092581293
4,44,0.585084552194997,0.585084552194997
4,45,0.5846299884607271,0.5846299884607271
4,46,0.5862600348412439,0.5862600348412439
4,47,0.5868369825365886,0.5868369825365886
4,48,0.588487472305481,0.588487472305481
4,49,0.5895553982116972,0.5895553982116972
4,50,0.5893427065664234,0.5893427065664234
4,51,0.5925751770285004,0.5925751770285004
4,52,0.5925660659303811,0.5925660659303811
4,53,0.5919122955932956,0.5919122955932956
4,54,0.5972366947225789,0.5972366947225789
4,55,0.5975842932147863,0.5975842932147863
4,56,0.595342550360312,0.595342550360312
4,57,0.5983540306715586,0.5983540306715586
4,58,0.5979980420929438,0.5979980420929438
4,59,0.5968666128614635,0.5968666128614635
4,60,0.5989990943656156,0.5989990943656156
4,61,0.6025834763332806,0.6025834763332806
4,62,0.6018537751237296,0.6018537751237296
4,63,0.6018762089557883,0.6018762089557883
4,64,0.6006957931653961,0.6006957931653961
4,65,0.6030481274341559,0.6030481274341559
4,66,0.6033574447749195,0.6033574447749195
4,67,0.6027175460377474,0.6027175460377474
4,68,0.6024089168487008,0.6024089168487008
4,69,0.6048288519861302,0.6048288519861302
4,70,0.6069164634110084,0.6069164634110084
4,71,0.6078056181576048,0.6078056181576048
4,72,0.6085169055957218,0.6085169055957218
4,73,0.6099982174163403,0.6099982174163403
4,74,0.6063865410933011,0.6063865410933011
4,75,0.6091534935015745,0.6091534935015745
4,76,0.6112158280393768,0.6112158280393768
4,77,0.6143125530194753,0.6143125530194753
4,78,0.6157597997174449,0.6157597997174449
4,79,0.6182309650079165,0.6182309650079165
4,80,0.6210286376276234,0.6210286376276234
4,81,0.6228748964456531,0.6228748964456531
4,82,0.6186814163832726,0.6186814163832726
4,83,0.6240382132796238,0.6240382132796238
4,84,0.6237799475669383,0.6237799475669383
4,85,0.6229974162189149,0.6229974162189149
4,86,0.6231029166044618,0.6231029166044618
4,87,0.6230487155842952,0.6230487155842952
4,88,0.6256433155193699,0.6256433155193699
4,89,0.6259854267615058,0.6259854267615058
4,90,0.6273865884390104,0.6273865884390104
4,91,0.6254444698510645,0.6254444698510645
4,92,0.6292124345105246,0.6292124345105246
4,93,0.6296682645438558,0.6296682645438558
4,94,0.6288321343282963,0.6288321343282963
4,95,0.6331697785410988,0.6331697785410988
4,96,0.6352072335081368,0.6352072335081368
4,97,0.6331955583561208,0.6331955583561208
4,98,0.6367279354807258,0.6367279354807258
4,99,0.6395601653381886,0.6395601653381886
4,100,0.636789155714754,0.636789155714754
4,101,0.6391401006909216,0.6391401006909216
4,102,0.6394686867837576,0.6394686867837576
4,103,0.6432848028340495,0.6432848028340495
4,104,0.6426817071968232,0.6426817071968232
4,105,0.6421970599469797,0.6421970599469797
4,106,0.6444260102343364,0.6444260102343364
4,107,0.6401716795356539,0.6401716795356539
4,108,0.6427867383959179,0.6427867383959179
4,109,0.6450059219721707,0.6450059219721707
4,110,0.6434706566254731,0.6434706566254731
4,111,0.6444637444042992,0.6444637444042992
4,112,0.6466836615567866,0.6466836615567866
4,113,0.6432725015453755,0.6432725015453755
4,114,0.6456159317587972,0.6456159317587972
4,115,0.6461146936364499,0.6461146936364499
4,116,0.6475353219728186,0.6475353219728186
4,117,0.6474146929908737,0.6474146929908737
4,118,0.649600014504903,0.649600014504903
4,119,0.6496702137708765,0.6496702137708765
4,120,0.65013347566544,0.65013347566544
4,121,0.6504142503066659,0.6504142503066659
4,122,0.6500271237857272,0.6500271237857272
4,123,0.6504736461951579,0.6504736461951579
4,124,0.650851620991812,0.650851620991812
4,125,0.6511242948736368,0.6511242948736368
4,126,0.6537384702570497,0.6537384702570497
4,127,0.6546334696460485,0.6546334696460485
4,128,0.6515081641384446,0.6515081641384446
4,129,0.6551434178448443,0.6551434178448443
4,130,0.6541973881677661,0.6541973881677661
4,131,0.6543831035602603,0.6543831035602603
4,132,0.6563264788515812,0.6563264788515812
4,133,0.6565058640667838,0.6565058640667838
4,134,0.6572565078132129,0.6572565078132129
4,135,0.6562265312174949,0.6562265312174949
4,136,0.6567462770775481,0.6567462770775481
4,137,0.6576706693147367,0.6576706693147367
4,138,0.6581058830054967,0.6581058830054967
4,139,0.6572995718892022,0.6572995718892022
4,140,0.660069321821741,0.660069321821741
4,141,0.6592749062014823,0.6592749062014823
4,142,0.6609006075056915,0.6609006075056915
4,143,0.6611331486127354,0.6611331486127354
4,144,0.6608979328497526,0.6608979328497526
4,145,0.659551229334403,0.659551229334403
4,146,0.661136717958287,0.661136717958287
4,147,0.6613381841326806,0.6613381841326806
4,148,0.6608688704524199,0.6608688704524199
4,149,0.6613021823793412,0.6613021823793412
4,150,0.6622997989299346,0.6622997989299346
4,151,0.6627546818173591,0.6627546818173591
4,152,0.6638591844526684,0.6638591844526684
4,153,0.6624819812461522,0.6624819812461522
4,154,0.6627118828898291,0.6627118828898291
4,155,0.6643163532593797,0.6643163532593797
4,156,0.6647728094449239,0.6647728094449239
4,157,0.6660711454526991,0.6660711454526991
4,158,0.6662038736731353,0.6662038736731353
4,159,0.6662627546199327,0.6662627546199327
4,160,0.6666605761798629,0.6666605761798629
4,161,0.6669443172310692,0.6669443172310692
4,162,0.6671425632931571,0.6671425632931571
4,163,0.6671149382848742,0.6671149382848742
4,164,0.6670212917043097,0.6670212917043097
4,165,0.6673047329906401,0.6673047329906401
4,166,0.6672853915626188,0.6672853915626188
4,167,0.6672603959607519,0.6672603959607519
4,168,0.6672499930262692,0.6672499930262692
4,169,0.6672567887299699,0.6672567887299699
4,170,0.6677637673034114,0.6677637673034114
4,171,0.6686056809287124,0.6686056809287124
4,172,0.6691790533442206,0.6691790533442206
4,173,0.6686334927689455,0.6686334927689455
4,174,0.6697895655209389,0.6697895655209389
4,175,0.670221972947207,0.670221972947207
4,176,0.6703619777927899,0.6703619777927899
4,177,0.670739421333671,0.670739421333671
4,178,0.6716839363366981,0.6716839363366981
4,179,0.6717637529476647,0.6717637529476647
4,180,0.6717251791750677,0.6717251791750677
4,181,0.6722789549130395,0.6722789549130395
4,182,0.6723124631299027,0.6723124631299027
4,183,0.6723271607748834,0.6723271607748834
4,184,0.6728148448936565,0.6728148448936565
4,185,0.6731133603289534,0.6731133603289534
4,186,0.6731003346745938,0.6731003346745938
4,187,0.674172095033991,0.674172095033991
4,188,0.6759192520279884,0.6759192520279884
4,189,0.6762771073063363,0.6762771073063363
4,190,0.6768177512838542,0.6768177512838542
5,1,0.20903968693590536,0.20903968693590536
5,2,0.21807164455228267,0.21807164455228267
5,3,0.3540545295218258,0.3540545295218258
5,4,0.3604321943939838,0.3604321943939838
5,5,0.37760296093003576,0.37760296093003576
5,6,0.45014514102683356,0.45014514102683356
5,7,0.46458158149265527,0.46458158149265527
5,8,0.46529614416616805,0.46529614416616805
5,9,0.4661006145731281,0.4661006145731281
5,10,0.4663647718204683,0.4663647718204683
5,11,0.4686814887172168,0.4686814887172168
5,12,0.4939880647155016,0.4939880647155016
5,13,0.5016720569118653,0.5016720569118653
5,14,0.5095630325222107,0.5095630325222107
5,15,0.5104684234613217,0.5104684234613217
5,16,0.5105831984661577,0.5105831984661577
5,17,0.5113001371042087,0.5113001371042087
5,18,0.51128180649251,0.51128180649251
5,19,0.5252974721323413,0.5252974721323413
5,20,0.5258764777938548,0.5258764777938548
5,21,0.5265316260561123,0.5265316260561123
5,22,0.5285769183540485,0.5285769183540485
5,23,0.5328860941605607,0.5328860941605607
5,24,0.5384683004139346,0.5384683004139346
5,25,0.5365281381906826,0.5365281381906826
5,26,0.544828233107681,0.544828233107681
5,27,0.5445272625776736,0.5445272625776736
5,28,0.5451223061319803,0.5451223061319803
5,29,0.5453005548090812,0.5453005548090812
5,30,0.5474448366478618,0.5474448366478618
5,31,0.5534495154035275,0.5534495154035275
5,32,0.553392604171371,0.553392604171371
5,33,0.5561633976167808,0.5561633976167808
5,34,0.5574584568515479,0.5574584568515479
5,35,0.562440398546832,0.562440398546832
5,36,0.5631601284243334,0.5631601284243334
5,37,0.5636631643406503,0.5636631643406503
5,38,0.5651728987666347,0.5651728987666347
5,39,0.5673401928228308,0.5673401928228308
5,40,0.5724904616642464,0.5724904616642464
5,41,0.5700328582940729,0.5700328582940729
5,42,0.571120842385298,0.571120842385298
5,43,0.5738099511658457,0.5738099511658457
5,44,0.5765446505435762,0.5765446505435762
5,45,0.575006466082591,0.575006466082591
5,46,0.5757092290830522,0.5757092290830522
5,47,0.5800592022497879,0.5800592022497879
5,48,0.5792835988085975,0.5792835988085975
5,49,0.5811068418962368,0.5811068418962368
5,50,0.5797662601023638,0.5797662601023638
5,51,0.5822974522445813,0.5822974522445813
5,52,0.5864631930088255,0.5864631930088255
5,53,0.5882558847556212,0.5882558847556212
5,54,0.5911169112780494,0.5911169112780494
5,55,0.5896521183499408,0.5896521183499408
5,56,0.5900295955960877,0.5900295955960877
5,57,0.5917126777234971,0.5917126777234971
5,58,0.590389856751781,0.590389856751781
5,59,0.58919389304865,0.58919389304865
5,60,0.5922018417974366,0.5922018417974366
5,61,0.5922336947980157,0.5922336947980157
5,62,0.5936249240082866,0.5936249240082866
5,63,0.5945508032608167,0.5945508032608167
5,64,0.5925835470353557,0.5925835470353557
5,65,0.593409294192186,0.593409294192186
5,66,0.5952947286493737,0.5952947286493737
5,67,0.5959175601391188,0.5959175601391188
5,68,0.5936038317312773,0.5936038317312773
5,69,0.5965390444053179,0.5965390444053179
5,70,0.5974970375677325,0.5974970375677325
5,71,0.5989919483885231,0.5989919483885231
5,72,0.6004362758503301,0.6004362758503301
5,73,0.6024351045838361,0.6024351045838361
5,74,0.6026661745384585,0.6026661745384585
5,75,0.6034150851942288,0.6034150851942288
5,76,0.606362255899152,0.606362255899152
5,77,0.6059809813602308,0.6059809813602308
5,78,0.6099068450804032,0.6099068450804032
5,79,0.6095248152169999,0.6095248152169999
5,80,0.6102655785052149,0.6102655785052149
5,81,0.6129216236293977,0.6129216236293977
5,82,0.6100403308678226,0.6100403308678226
5,83,0.6127556910603815,0.6127556910603815
5,84,0.6129791741071827,0.6129791741071827
5,85,0.6146809595288797,0.6146809595288797
5,86,0.6138598378160232,0.6138598378160232
5,87,0.6135058051035776,0.6135058051035776
5,88,0.6141166027992659,0.6141166027992659
5,89,0.6131529908332713,0.6131529908332713
5,90,0.6130332037875919,0.6130332037875919
5,91,0.6154829649231676,0.6154829649231676
5,92,0.6186096016148559,0.6186096016148559
5,93,0.6218832533176889,0.6218832533176889
5,94,0.6204715670920733,0.6204715670920733
5,95,0.6188207762071958,0.6188207762071958
5,96,0.6203057863807191,0.6203057863807191
5,97,0.6236421724024659,0.6236421724024659
5,98,0.6228603643672602,0.6228603643672602
5,99,0.6260464572213337,0.6260464572213337
5,100,0.6292550257039113,0.6292550257039113
5,101,0.6291397003244217,0.6291397003244217
5,102,0.6316501652599991,0.6316501652599991
5,103,0.6331540150689074,0.6331540150689074
5,104,0.6313836315647545,0.6313836315647545
5,105,0.6306690342963044,0.6306690342963044
5,106,0.6335206687688593,0.6335206687688593
5,107,0.6328053823536502,0.6328053823536502
5,108,0.6321087938735734,0.6321087938735734
5,109,0.6354364443208012,0.6354364443208012
5,110,0.6375163138403461,0.6375163138403461
5,111,0.6360963283113279,0.6360963283113279
5,112,0.6365070628345229,0.6365070628345229
5,113,0.6382316839198254,0.6382316839198254
5,114,0.6374146060269303,0.6374146060269303
5,115,0.6373880791360201,0.6373880791360201
5,116,0.6375785993821893,0.6375785993821893
5,117,0.6404405978149732,0.6404405978149732
5,118,0.6412805884706467,0.6412805884706467
5,119,0.6414905868720946,0.6414905868720946
5,120,0.6422050360988236,0.6422050360988236
5,121,0.6419036227402808,0.6419036227402808
5,122,0.6416082588296115,0.6416082588296115
5,123,0.6444311252476735,0.6444311252476735
5,124,0.6436351168590889,0.6436351168590889
5,125,0.6432762737488912,0.6432762737488912
5,126,0.6441334594896744,0.6441334594896744
5,127,0.6455824324586104,0.6455824324586104
5,128,0.6427701520029544,0.6427701520029544
5,129,0.6458953079057992,0.6458953079057992
5,130,0.6450891249794015,0.6450891249794015
5,131,0.6456877170487683,0.6456877170487683
5,132,0.6462173775919244,0.6462173775919244
5,133,0.6467730321403966,0.6467730321403966
5,134,0.6459994539892573,0.6459994539892573
5,135,0.6496749792652784,0.6496749792652784
5,136,0.6487191503056986,0.6487191503056986
5,137,0.6518138436092809,0.6518138436092809
5,138,0.6482022646282293,0.6482022646282293
5,139,0.6495900865018909,0.6495900865018909
5,140,0.6490193265196942,0.6490193265196942
5,141,0.6550596876575849,0.6550596876575849
5,142,0.6544532921275839,0.6544532921275839
5,143,0.6543645831680851,0.6543645831680851
5,144,0.6571596825156463,0.6571596825156463
5,145,0.6557705480616552,0.6557705480616552
5,146,0.6555658550691391,0.6555658550691391
5,147,0.6588168969874026,0.6588168969874026
5,148,0.6555828039808798,0.6555828039808798
5,149,0.6590633038694595,0.6590633038694595
5,150,0.6597234880351062,0.6597234880351062
5,151,0.6603955015949095,0.6603955015949095
5,152,0.6600688922880715,0.6600688922880715
5,153,0.6606452662078521,0.6606452662078521
5,154,0.6618326355962738,0.6618326355962738
5,155,0.6620696543363747,0.6620696543363747
5,156,0.6637378580015048,0.6637378580015048
5,157,0.6638517529471981,0.6638517529471981
5,158,0.6640791348807886,0.6640791348807886
5,159,0.6641404975664715,0.6641404975664715
5,160,0.664508406451539,0.664508406451539
5,161,0.6652464078589211,0.6652464078589211
5,162,0.6653447913277181,0.6653447913277181
5,163,0.6654750821948265,0.6654750821948265
5,164,0.6654743937294058,0.6654743937294058
5,165,0.6662729609055023,0.6662729609055023
5,166,0.6662856397895026,0.6662856397895026
5,167,0.6662897667944351,0.6662897667944351
5,168,0.6662902808740588,0.6662902808740588
5,169,0.6662235652159278,0.6662235652159278
5,170,0.6661542555707043,0.6661542555707043
5,171,0.6681913677294393,0.6681913677294393
5,172,0.6681574902679506,0.6681574902679506
5,173,0.6697764346119948,0.6697764346119948
5,174,0.6697861113844694,0.6697861113844694
5,175,0.6700807966946367,0.6700807966946367
5,176,0.6701394870583606,0.6701394870583606
5,177,0.6705685542561555,0.6705685542561555
5,178,0.670788856053727,0.670788856053727
5,179,0.6708373744163987,0.6708373744163987
5,180,0.6708151435889618,0.6708151435889618
5,181,0.6710363667083439,0.6710363667083439
5,182,0.6710565354104072,0.6710565354104072
5,183,0.671169563996596,0.671169563996596
5,184,0.6718437240173689,0.6718437240173689
5,185,0.6726031588756912,0.6726031588756912
5,186,0.6725190821524185,0.6725190821524185
5,187,0.6726904585780851,0.6726904585780851
5,188,0.6740959542180309,0.6740959542180309
5,189,0.6759700714874315,0.6759700714874315
5,190,0.6763172195119873,0.6763172195119873
