fold,dim,variance,r2
1,1,0.15423621681528787,0.15423621681528787
1,2,0.16237756972473483,0.16237756972473483
1,3,0.291267628786237,0.291267628786237
1,4,0.2982118775771103,0.2982118775771103
1,5,0.31282616314213263,0.31282616314213263
1,6,0.37124518500557047,0.37124518500557047
1,7,0.3886293652371198,0.3886293652371198
1,8,0.38925955721658123,0.38925955721658123
1,9,0.3907470287403696,0.3907470287403696
1,10,0.39078511374416436,0.39078511374416436
1,11,0.3940803885798748,0.3940803885798748
1,12,0.4228210672075704,0.4228210672075704
1,13,0.42598937677557513,0.42598937677557513
1,14,0.4346536756044852,0.4346536756044852
1,15,0.434819288985577,0.434819288985577
1,16,0.43503362556187053,0.43503362556187053
1,17,0.43559228048553555,0.43559228048553555
1,18,0.4361246648488589,0.4361246648488589
1,19,0.4497855985975985,0.4497855985975985
1,20,0.4485641940528149,0.4485641940528149
1,21,0.45269291126799616,0.45269291126799616
1,22,0.4547835360804605,0.4547835360804605
1,23,0.4546217297167614,0.4546217297167614
1,24,0.4580531311334648,0.4580531311334648
1,25,0.45849260563838445,0.45849260563838445
1,26,0.4665177217137788,0.4665177217137788
1,27,0.46579267927537227,0.46579267927537227
1,28,0.46729643867369275,0.46729643867369275
1,29,0.4684669602251028,0.4684669602251028
1,30,0.46779193247724127,0.46779193247724127
1,31,0.47295281366234876,0.47295281366234876
1,32,0.47811814509207784,0.47811814509207784
1,33,0.4813973987707715,0.4813973987707715
1,34,0.4829028876974606,0.4829028876974606
1,35,0.4827407860195019,0.4827407860195019
1,36,0.4906153921442852,0.4906153921442852
1,37,0.4884595808247384,0.4884595808247384
1,38,0.49063076581018095,0.49063076581018095
1,39,0.4909843531483642,0.4909843531483642
1,40,0.5003806436652816,0.5003806436652816
1,41,0.5008552962318242,0.5008552962318242
1,42,0.4993844830443739,0.4993844830443739
1,43,0.501487377221116,0.501487377221116
1,44,0.5037569382155769,0.5037569382155769
1,45,0.5043514909208106,0.5043514909208106
1,46,0.5059480480243637,0.5059480480243637
1,47,0.5083237877395644,0.5083237877395644
1,48,0.5090222877563327,0.5090222877563327
1,49,0.5088752721001518,0.5088752721001518
1,50,0.5090546442616044,0.5090546442616044
1,51,0.5087987454464633,0.5087987454464633
1,52,0.5101288717647048,0.5101288717647048
1,53,0.5154007044411377,0.5154007044411377
1,54,0.5160348062714823,0.5160348062714823
1,55,0.5198053555860667,0.5198053555860667
1,56,0.5184896499387068,0.5184896499387068
1,57,0.5176530943188453,0.5176530943188453
1,58,0.5197455478887951,0.5197455478887951
1,59,0.518645340786414,0.518645340786414
1,60,0.5210627584518831,0.5210627584518831
1,61,0.5231342794024185,0.5231342794024185
1,62,0.5225020793350046,0.5225020793350046
1,63,0.5216593752238975,0.5216593752238975
1,64,0.5244858610526095,0.5244858610526095
1,65,0.524220282331191,0.524220282331191
1,66,0.5231422682591977,0.5231422682591977
1,67,0.5246300850437878,0.5246300850437878
1,68,0.5254030953580988,0.5254030953580988
1,69,0.529430330527993,0.529430330527993
1,70,0.5286223714509053,0.5286223714509053
1,71,0.5271466022817693,0.5271466022817693
1,72,0.5282881206252875,0.5282881206252875
1,73,0.5320286431193813,0.5320286431193813
1,74,0.5355863110021157,0.5355863110021157
1,75,0.5319197320877604,0.5319197320877604
1,76,0.5401967836725778,0.5401967836725778
1,77,0.5352696255109265,0.5352696255109265
1,78,0.5405391100434284,0.5405391100434284
1,79,0.5409699444865461,0.5409699444865461
1,80,0.5396244627687914,0.5396244627687914
1,81,0.5399888829105028,0.5399888829105028
1,82,0.5429535242893058,0.5429535242893058
1,83,0.5423134394998338,0.5423134394998338
1,84,0.5420832716776709,0.5420832716776709
1,85,0.5439773423544818,0.5439773423544818
1,86,0.5428454950037276,0.5428454950037276
1,87,0.5455500391738697,0.5455500391738697
1,88,0.5447740847257496,0.5447740847257496
1,89,0.5458214064076733,0.5458214064076733
1,90,0.545792192760115,0.545792192760115
1,91,0.5478517837797141,0.5478517837797141
1,92,0.5485509242516851,0.5485509242516851
1,93,0.548081936146005,0.548081936146005
1,94,0.5487562288115047,0.5487562288115047
1,95,0.5511971120348557,0.5511971120348557
1,96,0.5519248549127328,0.5519248549127328
1,97,0.5536252519666791,0.5536252519666791
1,98,0.5555301610908208,0.5555301610908208
1,99,0.5568183547483495,0.5568183547483495
1,100,0.5579553907095645,0.5579553907095645
1,101,0.5595357004144638,0.5595357004144638
1,102,0.5603547872895805,0.5603547872895805
1,103,0.5646433109180011,0.5646433109180011
1,104,0.5623415891620562,0.5623415891620562
1,105,0.5642654714190489,0.5642654714190489
1,106,0.5612914428867233,0.5612914428867233
1,107,0.5646752205657102,0.5646752205657102
1,108,0.5666991225367808,0.5666991225367808
1,109,0.5660372787811765,0.5660372787811765
1,110,0.564941374253251,0.564941374253251
1,111,0.5669903051081229,0.5669903051081229
1,112,0.5690696372273094,0.5690696372273094
1,113,0.5695023586169599,0.5695023586169599
1,114,0.5685006750091632,0.5685006750091632
1,115,0.5682754200317813,0.5682754200317813
1,116,0.5703894913617977,0.5703894913617977
1,117,0.5699660023175541,0.5699660023175541
1,118,0.5728160738312751,0.5728160738312751
1,119,0.5734445368259682,0.5734445368259682
1,120,0.5772901301596934,0.5772901301596934
1,121,0.5776474266606526,0.5776474266606526
1,122,0.5758284072209853,0.5758284072209853
1,123,0.5769552931650151,0.5769552931650151
1,124,0.5776345635009081,0.5776345635009081
1,125,0.5750619088666411,0.5750619088666411
1,126,0.5782806314730642,0.5782806314730642
1,127,0.5799165994631357,0.5799165994631357
1,128,0.577947436024459,0.577947436024459
1,129,0.5796370214044926,0.5796370214044926
1,130,0.5813109795259829,0.5813109795259829
1,131,0.5799750023566388,0.5799750023566388
1,132,0.5807412674126349,0.5807412674126349
1,133,0.5829541424767875,0.5829541424767875
1,134,0.5835627988519193,0.5835627988519193
1,135,0.5853890795989585,0.5853890795989585
1,136,0.585453204039243,0.585453204039243
1,137,0.5835175602686897,0.5835175602686897
1,138,0.5850891437967833,0.5850891437967833
1,139,0.5872246154479104,0.5872246154479104
1,140,0.5902452209715023,0.5902452209715023
1,141,0.5885225584155003,0.5885225584155003
1,142,0.5880309429665824,0.5880309429665824
1,143,0.5892048601478186,0.5892048601478186
1,144,0.5937526134426684,0.5937526134426684
1,145,0.595414324992162,0.595414324992162
1,146,0.5944032581561147,0.5944032581561147
1,147,0.5933825294485684,0.5933825294485684
1,148,0.5968677776574904,0.5968677776574904
1,149,0.5970776430767617,0.5970776430767617
1,150,0.5990438809332501,0.5990438809332501
1,151,0.5988489160807504,0.5988489160807504
1,152,0.5981407137138997,0.5981407137138997
1,153,0.5975163628661082,0.5975163628661082
1,154,0.5979173153104396,0.5979173153104396
1,155,0.6004437007302246,0.6004437007302246
1,156,0.602570137774651,0.602570137774651
1,157,0.6024411529008058,0.6024411529008058
1,158,0.6034016728562096,0.6034016728562096
1,159,0.6033947668329149,0.6033947668329149
1,160,0.6038535245009282,0.6038535245009282
1,161,0.604488275110079,0.604488275110079
1,162,0.6045640801257366,0.6045640801257366
1,163,0.6049510135206293,0.6049510135206293
1,164,0.6049310391461282,0.6049310391461282
1,165,0.6051552570952126,0.6051552570952126
1,166,0.6050487092207749,0.6050487092207749
1,167,0.60502984592093,0.60502984592093
1,168,0.605033217364378,0.605033217364378
1,169,0.6050345372220223,0.6050345372220223
1,170,0.6057141961128124,0.6057141961128124
1,171,0.6075006203675511,0.6075006203675511
1,172,0.6084517943642875,0.6084517943642875
1,173,0.6104872294746764,0.6104872294746764
1,174,0.6106269535028837,0.6106269535028837
1,175,0.6110752057433901,0.6110752057433901
1,176,0.6110549873004401,0.6110549873004401
1,177,0.6103868521672489,0.6103868521672489
1,178,0.6121288314217547,0.6121288314217547
1,179,0.6123634587175577,0.6123634587175577
1,180,0.6127615864966659,0.6127615864966659
1,181,0.6126515904157473,0.6126515904157473
1,182,0.612747441853083,0.612747441853083
1,183,0.6128071420364896,0.6128071420364896
1,184,0.6142046847633736,0.6142046847633736
1,185,0.6142334142915933,0.6142334142915933
1,186,0.6142508052738148,0.6142508052738148
1,187,0.6153978940569504,0.6153978940569504
1,188,0.6185740022027529,0.6185740022027529
1,189,0.6194802786023932,0.6194802786023932
1,190,0.6201802432158672,0.6201802432158672
2,1,0.22810275853618867,0.22810275853618867
2,2,0.2400896477780925,0.2400896477780925
2,3,0.42045412800657844,0.42045412800657844
2,4,0.4271038964677897,0.4271038964677897
2,5,0.4449206155464289,0.4449206155464289
2,6,0.5261516643264931,0.5261516643264931
2,7,0.5480927062501725,0.5480927062501725
2,8,0.5493282855212229,0.5493282855212229
2,9,0.550106463634541,0.550106463634541
2,10,0.5503886983900083,0.5503886983900083
2,11,0.5553053747064556,0.5553053747064556
2,12,0.5875986164572573,0.5875986164572573
2,13,0.5979436747296971,0.5979436747296971
2,14,0.6071834018223523,0.6071834018223523
2,15,0.6072775509472058,0.6072775509472058
2,16,0.6073005031661732,0.6073005031661732
2,17,0.6090359022011126,0.6090359022011126
2,18,0.6092053064068321,0.6092053064068321
2,19,0.6241683729354709,0.6241683729354709
2,20,0.6252171534927382,0.6252171534927382
2,21,0.6267251723719787,0.6267251723719787
2,22,0.6298965554169408,0.6298965554169408
2,23,0.6300141751554877,0.6300141751554877
2,24,0.6381822206329848,0.6381822206329848
2,25,0.6349315364629444,0.6349315364629444
2,26,0.6434951605644121,0.6434951605644121
2,27,0.6450006918591223,0.6450006918591223
2,28,0.6426547698497054,0.6426547698497054
2,29,0.6442272316448152,0.6442272316448152
2,30,0.6455816795692227,0.6455816795692227
2,31,0.6478130096674908,0.6478130096674908
2,32,0.6574208831780504,0.6574208831780504
2,33,0.6602306459582326,0.6602306459582326
2,34,0.662273192691661,0.662273192691661
2,35,0.6670576009538414,0.6670576009538414
2,36,0.6668869908494621,0.6668869908494621
2,37,0.6712048030506523,0.6712048030506523
2,38,0.67380318304075,0.67380318304075
2,39,0.6755772031914287,0.6755772031914287
2,40,0.6777489815183597,0.6777489815183597
2,41,0.6793249409487866,0.6793249409487866
2,42,0.6824159560225556,0.6824159560225556
2,43,0.683765574277668,0.683765574277668
2,44,0.6840400477195366,0.6840400477195366
2,45,0.6863193474967135,0.6863193474967135
2,46,0.6892210298585538,0.6892210298585538
2,47,0.689338642521319,0.689338642521319
2,48,0.6940767006169262,0.6940767006169262
2,49,0.6908553499174952,0.6908553499174952
2,50,0.692778497741994,0.692778497741994
2,51,0.6916440959541567,0.6916440959541567
2,52,0.6939485032297372,0.6939485032297372
2,53,0.6966011728258626,0.6966011728258626
2,54,0.699302993737654,0.699302993737654
2,55,0.6982832804156361,0.6982832804156361
2,56,0.7002264637209197,0.7002264637209197
2,57,0.7004389637850732,0.7004389637850732
2,58,0.7023400836948517,0.7023400836948517
2,59,0.7008993524874905,0.7008993524874905
2,60,0.7029642371876976,0.7029642371876976
2,61,0.705028129713843,0.705028129713843
2,62,0.7064091452055037,0.7064091452055037
2,63,0.7042851184595976,0.7042851184595976
2,64,0.7047342519891544,0.7047342519891544
2,65,0.7037639024090252,0.7037639024090252
2,66,0.7056743158875953,0.7056743158875953
2,67,0.7057555459617719,0.7057555459617719
2,68,0.7098398234037434,0.7098398234037434
2,69,0.710536310603111,0.710536310603111
2,70,0.7118969495403715,0.7118969495403715
2,71,0.7119659062500794,0.7119659062500794
2,72,0.7116927515439919,0.7116927515439919
2,73,0.7127608854534315,0.7127608854534315
2,74,0.7149026893365584,0.7149026893365584
2,75,0.7171284349269194,0.7171284349269194
2,76,0.7195967282824517,0.7195967282824517
2,77,0.7207887552545476,0.7207887552545476
2,78,0.7202248668573044,0.7202248668573044
2,79,0.718658855115447,0.718658855115447
2,80,0.7220827145742322,0.7220827145742322
2,81,0.7214247332190844,0.7214247332190844
2,82,0.7229748497185746,0.7229748497185746
2,83,0.7231585338342199,0.7231585338342199
2,84,0.721783373561709,0.721783373561709
2,85,0.7236086850472305,0.7236086850472305
2,86,0.722548440324629,0.722548440324629
2,87,0.7265037541805536,0.7265037541805536
2,88,0.7240692224309921,0.7240692224309921
2,89,0.7244519489972265,0.7244519489972265
2,90,0.7262364680685676,0.7262364680685676
2,91,0.725574462346694,0.725574462346694
2,92,0.724735715632969,0.724735715632969
2,93,0.7290474638362672,0.7290474638362672
2,94,0.728513227491854,0.728513227491854
2,95,0.7318341253360716,0.7318341253360716
2,96,0.7339322593451012,0.7339322593451012
2,97,0.7340785108559512,0.7340785108559512
2,98,0.7351388372590305,0.7351388372590305
2,99,0.7375721575479435,0.7375721575479435
2,100,0.7388532619731254,0.7388532619731254
2,101,0.7373239336968724,0.7373239336968724
2,102,0.7420736353792001,0.7420736353792001
2,103,0.7409787461951518,0.7409787461951518
2,104,0.7419851466351842,0.7419851466351842
2,105,0.7419157980863422,0.7419157980863422
2,106,0.7422052306951562,0.7422052306951562
2,107,0.7420638622165683,0.7420638622165683
2,108,0.7426290444445398,0.7426290444445398
2,109,0.7394516949079941,0.7394516949079941
2,110,0.7417556898801834,0.7417556898801834
2,111,0.7438864226784083,0.7438864226784083
2,112,0.7444362851101674,0.7444362851101674
2,113,0.7437671155670547,0.7437671155670547
2,114,0.7432368909578075,0.7432368909578075
2,115,0.7429040500074567,0.7429040500074567
2,116,0.7450255692912409,0.7450255692912409
2,117,0.7462267304924184,0.7462267304924184
2,118,0.7458088058461212,0.7458088058461212
2,119,0.7472764929052925,0.7472764929052925
2,120,0.747017698138885,0.747017698138885
2,121,0.7468472330741183,0.7468472330741183
2,122,0.7467336565604443,0.7467336565604443
2,123,0.7481722046406337,0.7481722046406337
2,124,0.7484694995274381,0.7484694995274381
2,125,0.747582619353646,0.747582619353646
2,126,0.7482879725497429,0.7482879725497429
2,127,0.7480214152502118,0.7480214152502118
2,128,0.7485008325221455,0.7485008325221455
2,129,0.746662319074085,0.746662319074085
2,130,0.7479932798526802,0.7479932798526802
2,131,0.7503439706594234,0.7503439706594234
2,132,0.7491542292159172,0.7491542292159172
2,133,0.7511871159894732,0.7511871159894732
2,134,0.7503650467789439,0.7503650467789439
2,135,0.7500629231540679,0.7500629231540679
2,136,0.7495920299261565,0.7495920299261565
2,137,0.7509175118906469,0.7509175118906469
2,138,0.7492772011384862,0.7492772011384862
2,139,0.7528806430864042,0.7528806430864042
2,140,0.7520248982896126,0.7520248982896126
2,141,0.7522064228763944,0.7522064228763944
2,142,0.7518661592992102,0.7518661592992102
2,143,0.7540292281317701,0.7540292281317701
2,144,0.7525526951205544,0.7525526951205544
2,145,0.7535151651520797,0.7535151651520797
2,146,0.7542667577553115,0.7542667577553115
2,147,0.7547889398125447,0.7547889398125447
2,148,0.7547966318557935,0.7547966318557935
2,149,0.7545438536101375,0.7545438536101375
2,150,0.7559610600754685,0.7559610600754685
2,151,0.7549821593804742,0.7549821593804742
2,152,0.7554587103160617,0.7554587103160617
2,153,0.7552979754985143,0.7552979754985143
2,154,0.7557998151182042,0.7557998151182042
2,155,0.7574948301940474,0.7574948301940474
2,156,0.7591448297388396,0.7591448297388396
2,157,0.7593527828244573,0.7593527828244573
2,158,0.7601302192289066,0.7601302192289066
2,159,0.7602492621912109,0.7602492621912109
2,160,0.7612461133351278,0.7612461133351278
2,161,0.761319178143075,0.761319178143075
2,162,0.7609658566566516,0.7609658566566516
2,163,0.7609352797313783,0.7609352797313783
2,164,0.7609483219437514,0.7609483219437514
2,165,0.7616587350229855,0.7616587350229855
2,166,0.7613954282272832,0.7613954282272832
2,167,0.7612972797187245,0.7612972797187245
2,168,0.7613007298191573,0.7613007298191573
2,169,0.7612339446858849,0.7612339446858849
2,170,0.7612701114767639,0.7612701114767639
2,171,0.7618364542664563,0.7618364542664563
2,172,0.7618037286165651,0.7618037286165651
2,173,0.7618763631575705,0.7618763631575705
2,174,0.7617208327241392,0.7617208327241392
2,175,0.761805945774393,0.761805945774393
2,176,0.7618208695712094,0.7618208695712094
2,177,0.7618326540569479,0.7618326540569479
2,178,0.7621130238481271,0.7621130238481271
2,179,0.7617958010125994,0.7617958010125994
2,180,0.7617949347384568,0.7617949347384568
2,181,0.7620392726507441,0.7620392726507441
2,182,0.7623307739256641,0.7623307739256641
2,183,0.762179473615342,0.762179473615342
2,184,0.7619722891091549,0.7619722891091549
2,185,0.7623912577665921,0.7623912577665921
2,186,0.7624147482998769,0.7624147482998769
2,187,0.7629385985256598,0.7629385985256598
2,188,0.7627951458630771,0.7627951458630771
2,189,0.7635706765703479,0.7635706765703479
2,190,0.763180261838255,0.763180261838255
3,1,0.24214380532918545,0.24214380532918545
3,2,0.2506887464900013,0.2506887464900013
3,3,0.4334279609453534,0.4334279609453534
3,4,0.4381775793131233,0.4381775793131233
3,5,0.4627145970207758,0.4627145970207758
3,6,0.54872643079891,0.54872643079891
3,7,0.568663158728057,0.568663158728057
3,8,0.5687351732706736,0.5687351732706736
3,9,0.5695136578517479,0.5695136578517479
3,10,0.5701814669844172,0.5701814669844172
3,11,0.5732661009757538,0.5732661009757538
3,12,0.6095803290507913,0.6095803290507913
3,13,0.6251775464074025,0.6251775464074025
3,14,0.6325780198921201,0.6325780198921201
3,15,0.6331961516208897,0.6331961516208897
3,16,0.6336840915393791,0.6336840915393791
3,17,0.6330541013331009,0.6330541013331009
3,18,0.6332408306630384,0.6332408306630384
3,19,0.6524518967882224,0.6524518967882224
3,20,0.6527464875294033,0.6527464875294033
3,21,0.6546156774085166,0.6546156774085166
3,22,0.658409210499745,0.658409210499745
3,23,0.6598353470042859,0.6598353470042859
3,24,0.6629707479583464,0.6629707479583464
3,25,0.6636619641613651,0.6636619641613651
3,26,0.6716252403747245,0.6716252403747245
3,27,0.6708236029022032,0.6708236029022032
3,28,0.6721233287804702,0.6721233287804702
3,29,0.6729611859665545,0.6729611859665545
3,30,0.6712604373723376,0.6712604373723376
3,31,0.6808583453896396,0.6808583453896396
3,32,0.6926251747259291,0.6926251747259291
3,33,0.6924085149068047,0.6924085149068047
3,34,0.6921782255699565,0.6921782255699565
3,35,0.6984910641953135,0.6984910641953135
3,36,0.6968623378417657,0.6968623378417657
3,37,0.7020152153830574,0.7020152153830574
3,38,0.7017507458528824,0.7017507458528824
3,39,0.7021674514982061,0.7021674514982061
3,40,0.7032581009455378,0.7032581009455378
3,41,0.7074326281827958,0.7074326281827958
3,42,0.7065400705778961,0.7065400705778961
3,43,0.7143125155272028,0.7143125155272028
3,44,0.711978960414992,0.711978960414992
3,45,0.714526983182821,0.714526983182821
3,46,0.7161429741573561,0.7161429741573561
3,47,0.7170921945467781,0.7170921945467781
3,48,0.720163866709392,0.720163866709392
3,49,0.7196570985185253,0.7196570985185253
3,50,0.7228801127326152,0.7228801127326152
3,51,0.7232057126435987,0.7232057126435987
3,52,0.7232600270973077,0.7232600270973077
3,53,0.7217946736653187,0.7217946736653187
3,54,0.725701112909952,0.725701112909952
3,55,0.7249943654737906,0.7249943654737906
3,56,0.7244592876488782,0.7244592876488782
3,57,0.7262462572064246,0.7262462572064246
3,58,0.7265003390406483,0.7265003390406483
3,59,0.7275823128311619,0.7275823128311619
3,60,0.7266238922357533,0.7266238922357533
3,61,0.7265876113998393,0.7265876113998393
3,62,0.7266854819457771,0.7266854819457771
3,63,0.7272076490339929,0.7272076490339929
3,64,0.7265175621124881,0.7265175621124881
3,65,0.7257353353527806,0.7257353353527806
3,66,0.7247275970939074,0.7247275970939074
3,67,0.7269690360356871,0.7269690360356871
3,68,0.7284689270161174,0.7284689270161174
3,69,0.7266401390886528,0.7266401390886528
3,70,0.7327687748518129,0.7327687748518129
3,71,0.7299786459707187,0.7299786459707187
3,72,0.7295701719261592,0.7295701719261592
3,73,0.7294209037783128,0.7294209037783128
3,74,0.733638468147314,0.733638468147314
3,75,0.7332724512640001,0.7332724512640001
3,76,0.7410064651362716,0.7410064651362716
3,77,0.7430036288688198,0.7430036288688198
3,78,0.741617654473192,0.741617654473192
3,79,0.7424070141712522,0.7424070141712522
3,80,0.7447455887993083,0.7447455887993083
3,81,0.7440565194163127,0.7440565194163127
3,82,0.7451880281070218,0.7451880281070218
3,83,0.7471802744907527,0.7471802744907527
3,84,0.7469852001174069,0.7469852001174069
3,85,0.7475427288640271,0.7475427288640271
3,86,0.7467432391548896,0.7467432391548896
3,87,0.7480434173191914,0.7480434173191914
3,88,0.7490310883179849,0.7490310883179849
3,89,0.7486487372615054,0.7486487372615054
3,90,0.7498614190528989,0.7498614190528989
3,91,0.7510098751594017,0.7510098751594017
3,92,0.7557350306976467,0.7557350306976467
3,93,0.7556097373775136,0.7556097373775136
3,94,0.7548608229116635,0.7548608229116635
3,95,0.7551230954127779,0.7551230954127779
3,96,0.762030259904052,0.762030259904052
3,97,0.7590480529852465,0.7590480529852465
3,98,0.7593822688214085,0.7593822688214085
3,99,0.7602697301846629,0.7602697301846629
3,100,0.7609929252476753,0.7609929252476753
3,101,0.7648499677767306,0.7648499677767306
3,102,0.7675257403509668,0.7675257403509668
3,103,0.7615115290634904,0.7615115290634904
3,104,0.7657122474604888,0.7657122474604888
3,105,0.7649364046425212,0.7649364046425212
3,106,0.7644312260648696,0.7644312260648696
3,107,0.7674650021612672,0.7674650021612672
3,108,0.7670548129296143,0.7670548129296143
3,109,0.7667580061918721,0.7667580061918721
3,110,0.766261458904915,0.766261458904915
3,111,0.7695887098325696,0.7695887098325696
3,112,0.7672428467632992,0.7672428467632992
3,113,0.7696783857034384,0.7696783857034384
3,114,0.7690838358846099,0.7690838358846099
3,115,0.7688134532932583,0.7688134532932583
3,116,0.7708564692061597,0.7708564692061597
3,117,0.7703713056569278,0.7703713056569278
3,118,0.7695109392201497,0.7695109392201497
3,119,0.7701792090041375,0.7701792090041375
3,120,0.7718837174862988,0.7718837174862988
3,121,0.7723249005938827,0.7723249005938827
3,122,0.7718288604816129,0.7718288604816129
3,123,0.7718230914180854,0.7718230914180854
3,124,0.7700482175874183,0.7700482175874183
3,125,0.7720156579561046,0.7720156579561046
3,126,0.7723909846832999,0.7723909846832999
3,127,0.7718152160684333,0.7718152160684333
3,128,0.773724452371392,0.773724452371392
3,129,0.7735355197568685,0.7735355197568685
3,130,0.7732876318966507,0.7732876318966507
3,131,0.7758579162631205,0.7758579162631205
3,132,0.77523936152766,0.77523936152766
3,133,0.7756829053256403,0.7756829053256403
3,134,0.7732537847754417,0.7732537847754417
3,135,0.7770647233519097,0.7770647233519097
3,136,0.7763319650498444,0.7763319650498444
3,137,0.7748870748061386,0.7748870748061386
3,138,0.7750605697943261,0.7750605697943261
3,139,0.777502460344306,0.777502460344306
3,140,0.7749827180636599,0.7749827180636599
3,141,0.7778655723649196,0.7778655723649196
3,142,0.7756527539806617,0.7756527539806617
3,143,0.7779257050814579,0.7779257050814579
3,144,0.7766508430776957,0.7766508430776957
3,145,0.7770976072910802,0.7770976072910802
3,146,0.7780197856530312,0.7780197856530312
3,147,0.777410730597299,0.777410730597299
3,148,0.7778535053946722,0.7778535053946722
3,149,0.7774869467663716,0.7774869467663716
3,150,0.7772353434983692,0.7772353434983692
3,151,0.776684103712948,0.776684103712948
3,152,0.7775991662424377,0.7775991662424377
3,153,0.7773394073219664,0.7773394073219664
3,154,0.7779106737420379,0.7779106737420379
3,155,0.7792110441733606,0.7792110441733606
3,156,0.7791995497015755,0.7791995497015755
3,157,0.7800703894025176,0.7800703894025176
3,158,0.7800693181582256,0.7800693181582256
3,159,0.7808742121040698,0.7808742121040698
3,160,0.7810398395063268,0.7810398395063268
3,161,0.7810252477205208,0.7810252477205208
3,162,0.7809535719470626,0.7809535719470626
3,163,0.7811603849166119,0.7811603849166119
3,164,0.7810667999316412,0.7810667999316412
3,165,0.7815928925967237,0.7815928925967237
3,166,0.7817008038815882,0.7817008038815882
3,167,0.7817704560067623,0.7817704560067623
3,168,0.781794477956422,0.781794477956422
3,169,0.781587094964125,0.781587094964125
3,170,0.7820120916406659,0.7820120916406659
3,171,0.7828330552813791,0.7828330552813791
3,172,0.7829625638894934,0.7829625638894934
3,173,0.7828781456097788,0.7828781456097788
3,174,0.7834724557557264,0.7834724557557264
3,175,0.7830261587465993,0.7830261587465993
3,176,0.7831306293193248,0.7831306293193248
3,177,0.783336612794291,0.783336612794291
3,178,0.7838506590896549,0.7838506590896549
3,179,0.7840312218114188,0.7840312218114188
3,180,0.78402699195318,0.78402699195318
3,181,0.7846764939598816,0.7846764939598816
3,182,0.7847428285143022,0.7847428285143022
3,183,0.7845185951419893,0.7845185951419893
3,184,0.7849167260084617,0.7849167260084617
3,185,0.7848875981499585,0.7848875981499585
3,186,0.7848492258153921,0.7848492258153921
3,187,0.7852586130068673,0.7852586130068673
3,188,0.7859975546369198,0.7859975546369198
3,189,0.7856192527385383,0.7856192527385383
3,190,0.7841601317124265,0.7841601317124265
4,1,0.16270713950214244,0.16270713950214244
4,2,0.1712586989191618,0.1712586989191618
4,3,0.2884560967111608,0.2884560967111608
4,4,0.2944586000134328,0.2944586000134328
4,5,0.31015682457165494,0.31015682457165494
4,6,0.36659558424789573,0.36659558424789573
4,7,0.37807890633698515,0.37807890633698515
4,8,0.3793826712793422,0.3793826712793422
4,9,0.3809944244930271,0.3809944244930271
4,10,0.3805059453141252,0.3805059453141252
4,11,0.3815681259011108,0.3815681259011108
4,12,0.4066969419287789,0.4066969419287789
4,13,0.4137855773651514,0.4137855773651514
4,14,0.42036065388058874,0.42036065388058874
4,15,0.4200530189374201,0.4200530189374201
4,16,0.4206614450057493,0.4206614450057493
4,17,0.4212016168307152,0.4212016168307152
4,18,0.42135913594175667,0.42135913594175667
4,19,0.4310468144273969,0.4310468144273969
4,20,0.43084109016711725,0.43084109016711725
4,21,0.4316446300777962,0.4316446300777962
4,22,0.4352453073305357,0.4352453073305357
4,23,0.4372086769692908,0.4372086769692908
4,24,0.4386692646654956,0.4386692646654956
4,25,0.44978105968644433,0.44978105968644433
4,26,0.4491879543648528,0.4491879543648528
4,27,0.44940100258072824,0.44940100258072824
4,28,0.44792288857506246,0.44792288857506246
4,29,0.4479828991387831,0.4479828991387831
4,30,0.4472120869510303,0.4472120869510303
4,31,0.4533135474628649,0.4533135474628649
4,32,0.4568378009329471,0.4568378009329471
4,33,0.46048534961959664,0.46048534961959664
4,34,0.45700187816354454,0.45700187816354454
4,35,0.4644651953122537,0.4644651953122537
4,36,0.4650644314151988,0.4650644314151988
4,37,0.46457415918798817,0.46457415918798817
4,38,0.4664531521381792,0.4664531521381792
4,39,0.4732865522198395,0.4732865522198395
4,40,0.4735491339702912,0.4735491339702912
4,41,0.4734155234644063,0.4734155234644063
4,42,0.4728844683270236,0.4728844683270236
4,43,0.4780167513480189,0.4780167513480189
4,44,0.47931573947475137,0.47931573947475137
4,45,0.4793711116278331,0.4793711116278331
4,46,0.47940903986465866,0.47940903986465866
4,47,0.4830693115396053,0.4830693115396053
4,48,0.48263207322248414,0.48263207322248414
4,49,0.48447836124807464,0.48447836124807464
4,50,0.4865106674580093,0.4865106674580093
4,51,0.4847873050714211,0.4847873050714211
4,52,0.48597797981980073,0.48597797981980073
4,53,0.48875974236263486,0.48875974236263486
4,54,0.49178863308315524,0.49178863308315524
4,55,0.49367382198869525,0.49367382198869525
4,56,0.4923007192253348,0.4923007192253348
4,57,0.4931906936445559,0.4931906936445559
4,58,0.4937561571214618,0.4937561571214618
4,59,0.4936189845336991,0.4936189845336991
4,60,0.49408296657805273,0.49408296657805273
4,61,0.4945831025589448,0.4945831025589448
4,62,0.4957472395769822,0.4957472395769822
4,63,0.4973005696634877,0.4973005696634877
4,64,0.49906285062559774,0.49906285062559774
4,65,0.49750536820682234,0.49750536820682234
4,66,0.4982738129444483,0.4982738129444483
4,67,0.4985143681557037,0.4985143681557037
4,68,0.5026702221121535,0.5026702221121535
4,69,0.5046113522443956,0.5046113522443956
4,70,0.502801567106445,0.502801567106445
4,71,0.5018343780047181,0.5018343780047181
4,72,0.5027804993010975,0.5027804993010975
4,73,0.5084257185316194,0.5084257185316194
4,74,0.5079931583662486,0.5079931583662486
4,75,0.5097132146255132,0.5097132146255132
4,76,0.5102059210089753,0.5102059210089753
4,77,0.513134190191205,0.513134190191205
4,78,0.5151829655638338,0.5151829655638338
4,79,0.5138925664085923,0.5138925664085923
4,80,0.5169989423793346,0.5169989423793346
4,81,0.5163915386865641,0.5163915386865641
4,82,0.5174025445748526,0.5174025445748526
4,83,0.5167877699123533,0.5167877699123533
4,84,0.5173842439541869,0.5173842439541869
4,85,0.5179828170538373,0.5179828170538373
4,86,0.5185275247603018,0.5185275247603018
4,87,0.5170651279436134,0.5170651279436134
4,88,0.5195618392170658,0.5195618392170658
4,89,0.519264091111923,0.519264091111923
4,90,0.5201355865981587,0.5201355865981587
4,91,0.5221555240927613,0.5221555240927613
4,92,0.5247038942817919,0.5247038942817919
4,93,0.5223363393626492,0.5223363393626492
4,94,0.5272956954361925,0.5272956954361925
4,95,0.5277185048252204,0.5277185048252204
4,96,0.5255419967067032,0.5255419967067032
4,97,0.5321779513077078,0.5321779513077078
4,98,0.5301084460704834,0.5301084460704834
4,99,0.5298166014728234,0.5298166014728234
4,100,0.5343250435149476,0.5343250435149476
4,101,0.5344068279332781,0.5344068279332781
4,102,0.5343193429497993,0.5343193429497993
4,103,0.5341271337789354,0.5341271337789354
4,104,0.5363719568835679,0.5363719568835679
4,105,0.5372922241494695,0.5372922241494695
4,106,0.5362522015908779,0.5362522015908779
4,107,0.5391514752856983,0.5391514752856983
4,108,0.5396376183403853,0.5396376183403853
4,109,0.5366456002932318,0.5366456002932318
4,110,0.5378331657294946,0.5378331657294946
4,111,0.5409973827858416,0.5409973827858416
4,112,0.5434960886403306,0.5434960886403306
4,113,0.5419665058224667,0.5419665058224667
4,114,0.5404325750884362,0.5404325750884362
4,115,0.5454042908812984,0.5454042908812984
4,116,0.5451089712556138,0.5451089712556138
4,117,0.5439838885188808,0.5439838885188808
4,118,0.5474517046650953,0.5474517046650953
4,119,0.547846145598246,0.547846145598246
4,120,0.5481664683767384,0.5481664683767384
4,121,0.5479340692006842,0.5479340692006842
4,122,0.5494806348467953,0.5494806348467953
4,123,0.5477085183082855,0.5477085183082855
4,124,0.5479535775279674,0.5479535775279674
4,125,0.5503682551967063,0.5503682551967063
4,126,0.5526237052206939,0.5526237052206939
4,127,0.5502467583753208,0.5502467583753208
4,128,0.5521119968641481,0.5521119968641481
4,129,0.5528419714620769,0.5528419714620769
4,130,0.5528252372583915,0.5528252372583915
4,131,0.553780873414387,0.553780873414387
4,132,0.5548301730755498,0.5548301730755498
4,133,0.5534504174969814,0.5534504174969814
4,134,0.5560715988246843,0.5560715988246843
4,135,0.5563983057898563,0.5563983057898563
4,136,0.5556723877419101,0.5556723877419101
4,137,0.5564417142762864,0.5564417142762864
4,138,0.557060951378217,0.557060951378217
4,139,0.5560228559737952,0.5560228559737952
4,140,0.5580536291786118,0.5580536291786118
4,141,0.5581483193899281,0.5581483193899281
4,142,0.5604219178281231,0.5604219178281231
4,143,0.5621939382650916,0.5621939382650916
4,144,0.55981609481638,0.55981609481638
4,145,0.5614009929048289,0.5614009929048289
4,146,0.5662743041689959,0.5662743041689959
4,147,0.5645856147544162,0.5645856147544162
4,148,0.5647505697482633,0.5647505697482633
4,149,0.5623669469309428,0.5623669469309428
4,150,0.5654794943193198,0.5654794943193198
4,151,0.5654244124701708,0.5654244124701708
4,152,0.5659421208149515,0.5659421208149515
4,153,0.5660656494723497,0.5660656494723497
4,154,0.5676091050534238,0.5676091050534238
4,155,0.5684715373409333,0.5684715373409333
4,156,0.5701342264742277,0.5701342264742277
4,157,0.570214873802563,0.570214873802563
4,158,0.5703040273671061,0.5703040273671061
4,159,0.5703571205120702,0.5703571205120702
4,160,0.5704371935771003,0.5704371935771003
4,161,0.5710465760556831,0.5710465760556831
4,162,0.5714615425591515,0.5714615425591515
4,163,0.5716843397466247,0.5716843397466247
4,164,0.5717412561233466,0.5717412561233466
4,165,0.5728358818972755,0.5728358818972755
4,166,0.5728255840955754,0.5728255840955754
4,167,0.5728335956259617,0.5728335956259617
4,168,0.572747878259833,0.572747878259833
4,169,0.5728884609270009,0.5728884609270009
4,170,0.5727773476679325,0.5727773476679325
4,171,0.5749765453969355,0.5749765453969355
4,172,0.5755247605013538,0.5755247605013538
4,173,0.5775579512906823,0.5775579512906823
4,174,0.5776934151947077,0.5776934151947077
4,175,0.5780436187451816,0.5780436187451816
4,176,0.5781681239313609,0.5781681239313609
4,177,0.5782992682267718,0.5782992682267718
4,178,0.5793085191677112,0.5793085191677112
4,179,0.5794978071376731,0.5794978071376731
4,180,0.5795457011607306,0.5795457011607306
4,181,0.579580818327417,0.579580818327417
4,182,0.5794566390901452,0.5794566390901452
4,183,0.5794951750697199,0.5794951750697199
4,184,0.5811750094417549,0.5811750094417549
4,185,0.5816034316272016,0.5816034316272016
4,186,0.5816006325438339,0.5816006325438339
4,187,0.581940691343643,0.581940691343643
4,188,0.5839872899784766,0.5839872899784766
4,189,0.586192144468873,0.586192144468873
4,190,0.5865687679465987,0.5865687679465987
5,1,0.17278284388455245,0.17278284388455245
5,2,0.18036861572932872,0.18036861572932872
5,3,0.3514448971131665,0.3514448971131665
5,4,0.35374079179863227,0.35374079179863227
5,5,0.3706203249502521,0.3706203249502521
5,6,0.4482652518624811,0.4482652518624811
5,7,0.4702456406375348,0.4702456406375348
5,8,0.4705546649788216,0.4705546649788216
5,9,0.47086146421725605,0.47086146421725605
5,10,0.4706136254974247,0.4706136254974247
5,11,0.47774170688415984,0.47774170688415984
5,12,0.5083422724943708,0.5083422724943708
5,13,0.5154267592541422,0.5154267592541422
5,14,0.5261696352152028,0.5261696352152028
5,15,0.5278950294850255,0.5278950294850255
5,16,0.5288033878233305,0.5288033878233305
5,17,0.5288093819727236,0.5288093819727236
5,18,0.5292336305601628,0.5292336305601628
5,19,0.5420351980919328,0.5420351980919328
5,20,0.5434462815888841,0.5434462815888841
5,21,0.5449487750735128,0.5449487750735128
5,22,0.546670244327393,0.546670244327393
5,23,0.5518480488679345,0.5518480488679345
5,24,0.5522732918728369,0.5522732918728369
5,25,0.5520891179652211,0.5520891179652211
5,26,0.5565945065125342,0.5565945065125342
5,27,0.5585307857475081,0.5585307857475081
5,28,0.5581602559450387,0.5581602559450387
5,29,0.558388676037062,0.558388676037062
5,30,0.5594979220526582,0.5594979220526582
5,31,0.569368416246647,0.569368416246647
5,32,0.569170783443069,0.569170783443069
5,33,0.573889591441029,0.573889591441029
5,34,0.5733222760363299,0.5733222760363299
5,35,0.5769913926660362,0.5769913926660362
5,36,0.5806644941164121,0.5806644941164121
5,37,0.5823784754322205,0.5823784754322205
5,38,0.5825341243411327,0.5825341243411327
5,39,0.5821060413088477,0.5821060413088477
5,40,0.5896292364978291,0.5896292364978291
5,41,0.5902016299673248,0.5902016299673248
5,42,0.5917530632729516,0.5917530632729516
5,43,0.5984465603044609,0.5984465603044609
5,44,0.596493293531261,0.596493293531261
5,45,0.5991915559842904,0.5991915559842904
5,46,0.5986630497704223,0.5986630497704223
5,47,0.5995240914710219,0.5995240914710219
5,48,0.6032674510812265,0.6032674510812265
5,49,0.6041511274666812,0.6041511274666812
5,50,0.6041241079548936,0.6041241079548936
5,51,0.6052959083076535,0.6052959083076535
5,52,0.6066099324284078,0.6066099324284078
5,53,0.6079489303001357,0.6079489303001357
5,54,0.6114048399624332,0.6114048399624332
5,55,0.6121961225514129,0.6121961225514129
5,56,0.6151396368995494,0.6151396368995494
5,57,0.6147851874846018,0.6147851874846018
5,58,0.6134921454527801,0.6134921454527801
5,59,0.6150340450925196,0.6150340450925196
5,60,0.6158298659392065,0.6158298659392065
5,61,0.6182789711095589,0.6182789711095589
5,62,0.6173916985917369,0.6173916985917369
5,63,0.617261702607695,0.617261702607695
5,64,0.6173349480264197,0.6173349480264197
5,65,0.6158164831224675,0.6158164831224675
5,66,0.6184521019321714,0.6184521019321714
5,67,0.6171082382095842,0.6171082382095842
5,68,0.6179125817028468,0.6179125817028468
5,69,0.6218794522231368,0.6218794522231368
5,70,0.6267065206564524,0.6267065206564524
5,71,0.6216311149897034,0.6216311149897034
5,72,0.6222385397811536,0.6222385397811536
5,73,0.6281783640976528,0.6281783640976528
5,74,0.6296724349577107,0.6296724349577107
5,75,0.6273290766823165,0.6273290766823165
5,76,0.6319575000885217,0.6319575000885217
5,77,0.637915355330303,0.637915355330303
5,78,0.6374034388364507,0.6374034388364507
5,79,0.6352956200853549,0.6352956200853549
5,80,0.6376032786940963,0.6376032786940963
5,81,0.6393280617024162,0.6393280617024162
5,82,0.6394661033334151,0.6394661033334151
5,83,0.6387380377104,0.6387380377104
5,84,0.6423620424578702,0.6423620424578702
5,85,0.6395503400603619,0.6395503400603619
5,86,0.6391187363975377,0.6391187363975377
5,87,0.6428755627787281,0.6428755627787281
5,88,0.6436529217631786,0.6436529217631786
5,89,0.6392922223397082,0.6392922223397082
5,90,0.6424175027656349,0.6424175027656349
5,91,0.6456654692379008,0.6456654692379008
5,92,0.6441208520106732,0.6441208520106732
5,93,0.6423720795299148,0.6423720795299148
5,94,0.6483870500139102,0.6483870500139102
5,95,0.6465431536368603,0.6465431536368603
5,96,0.650084277977561,0.650084277977561
5,97,0.6480370449606541,0.6480370449606541
5,98,0.649503299842398,0.649503299842398
5,99,0.6481080925244529,0.6481080925244529
5,100,0.6538571272304251,0.6538571272304251
5,101,0.6550117815926816,0.6550117815926816
5,102,0.6549604515008705,0.6549604515008705
5,103,0.6556025114405346,0.6556025114405346
5,104,0.6535598031444247,0.6535598031444247
5,105,0.655115721940856,0.655115721940856
5,106,0.6556034978054044,0.6556034978054044
5,107,0.6563368798588683,0.6563368798588683
5,108,0.6551882890527354,0.6551882890527354
5,109,0.6555881615899426,0.6555881615899426
5,110,0.6555278176530392,0.6555278176530392
5,111,0.6573294186959695,0.6573294186959695
5,112,0.657132838292529,0.657132838292529
5,113,0.65672985449414,0.65672985449414
5,114,0.6565904174587578,0.6565904174587578
5,115,0.657446660125013,0.657446660125013
5,116,0.6578117162429791,0.6578117162429791
5,117,0.659559531473552,0.659559531473552
5,118,0.6599473435376866,0.6599473435376866
5,119,0.6616574539059722,0.6616574539059722
5,120,0.6631317160072289,0.6631317160072289
5,121,0.6603351237165417,0.6603351237165417
5,122,0.661713271017464,0.661713271017464
5,123,0.6623574536411596,0.6623574536411596
5,124,0.6618377548587688,0.6618377548587688
5,125,0.6639681394626238,0.6639681394626238
5,126,0.6629446949648059,0.6629446949648059
5,127,0.6644644159793884,0.6644644159793884
5,128,0.6652910361247779,0.6652910361247779
5,129,0.6636662519752199,0.6636662519752199
5,130,0.6648783765824919,0.6648783765824919
5,131,0.6653042645977689,0.6653042645977689
5,132,0.665971599065218,0.665971599065218
5,133,0.6666906902912801,0.6666906902912801
5,134,0.6660164279154099,0.6660164279154099
5,135,0.6665319980412518,0.6665319980412518
5,136,0.6670816542116682,0.6670816542116682
5,137,0.6671532614705771,0.6671532614705771
5,138,0.6660766525334119,0.6660766525334119
5,139,0.6676746570655745,0.6676746570655745
5,140,0.6691274831709706,0.6691274831709706
5,141,0.6696314691258043,0.6696314691258043
5,142,0.6716144603011558,0.6716144603011558
5,143,0.6726979871638173,0.6726979871638173
5,144,0.6720607885133004,0.6720607885133004
5,145,0.6727567573387601,0.6727567573387601
5,146,0.6717642080989696,0.6717642080989696
5,147,0.6723181712895028,0.6723181712895028
5,148,0.6732634868635343,0.6732634868635343
5,149,0.6727946265014558,0.6727946265014558
5,150,0.6742192193801517,0.6742192193801517
5,151,0.6737556724634767,0.6737556724634767
5,152,0.674453187928713,0.674453187928713
5,153,0.6745657232972104,0.6745657232972104
5,154,0.6744356308336997,0.6744356308336997
5,155,0.6750228602883391,0.6750228602883391
5,156,0.6747743298844309,0.6747743298844309
5,157,0.6748494020670179,0.6748494020670179
5,158,0.674824868836486,0.674824868836486
5,159,0.6749034013479589,0.6749034013479589
5,160,0.6746644012188758,0.6746644012188758
5,161,0.6746763032871064,0.6746763032871064
5,162,0.6745776444615512,0.6745776444615512
5,163,0.6746245803653025,0.6746245803653025
5,164,0.6746672956327,0.6746672956327
5,165,0.6750149460835755,0.6750149460835755
5,166,0.674948817950244,0.674948817950244
5,167,0.674953831936976,0.674953831936976
5,168,0.6748824653583627,0.6748824653583627
5,169,0.6749685650442124,0.6749685650442124
5,170,0.6749032674647875,0.6749032674647875
5,171,0.676455561307436,0.676455561307436
5,172,0.6756057854089308,0.6756057854089308
5,173,0.6757416116653308,0.6757416116653308
5,174,0.6770005864680493,0.6770005864680493
5,175,0.6773936349116487,0.6773936349116487
5,176,0.6777639504559102,0.6777639504559102
5,177,0.6777457694817706,0.6777457694817706
5,178,0.6788999093181678,0.6788999093181678
5,179,0.678955589091853,0.678955589091853
5,180,0.6787329128688613,0.6787329128688613
5,181,0.6789649802532587,0.6789649802532587
5,182,0.6788938936883471,0.6788938936883471
5,183,0.6789476701245512,0.6789476701245512
5,184,0.6790297060504337,0.6790297060504337
5,185,0.6790460324565344,0.6790460324565344
5,186,0.6788980900964426,0.6788980900964426
5,187,0.6793983586284278,0.6793983586284278
5,188,0.6804705948050005,0.6804705948050005
5,189,0.6799586767299879,0.6799586767299879
5,190,0.6798326032842095,0.6798326032842095
