fold,dim,variance,r2,lr,batch,epochs
1,10,0.5675087212243346,0.5675087212243346,0.0001,128,150
1,20,0.6187888877540995,0.6187888877540995,0.01,64,10
1,30,0.644649387540801,0.644649387540801,0.01,64,75
1,40,0.6711619783540851,0.6711619783540851,0.01,64,50
1,50,0.6804118920389108,0.6804118920389108,0.01,256,75
1,60,0.6937305936656445,0.6937305936656445,0.001,128,150
1,70,0.6989255063634725,0.6989255063634725,0.001,128,150
1,80,0.7113261985148409,0.7113261985148409,0.01,128,150
1,90,0.7121858612737237,0.7121858612737237,0.01,32,50
1,100,0.7215457510610706,0.7215457510610706,0.01,32,150
1,110,0.7272881267640718,0.7272881267640718,0.01,32,75
1,120,0.728358352639636,0.728358352639636,0.01,128,150
2,10,0.5629999903121828,0.5629999903121828,0.0001,32,150
2,20,0.6214327261014445,0.6214327261014445,0.01,64,50
2,30,0.6442947363881582,0.6442947363881582,0.01,128,75
2,40,0.665805380579445,0.665805380579445,0.001,64,150
2,50,0.6850468449128961,0.6850468449128961,0.001,64,150
2,60,0.6906467095838701,0.6906467095838701,0.001,32,50
2,70,0.6979320264845592,0.6979320264845592,0.0001,32,100
2,80,0.711195022393874,0.711195022393874,0.01,32,50
2,90,0.7138230576112107,0.7138230576112107,0.01,256,100
2,100,0.7228560884733497,0.7228560884733497,0.01,64,75
2,110,0.7241389358005421,0.7241389358005421,0.001,32,75
2,120,0.7289728057747392,0.7289728057747392,0.001,64,100
3,10,0.5689032571765438,0.5689032571765438,0.01,128,10
3,20,0.6236541293551883,0.6236541293551883,0.01,256,50
3,30,0.644257892218238,0.644257892218238,0.0001,32,100
3,40,0.667520559752705,0.667520559752705,0.01,128,100
3,50,0.6845635036975807,0.6845635036975807,0.01,64,75
3,60,0.6892186595981518,0.6892186595981518,0.001,128,150
3,70,0.6968941828024613,0.6968941828024613,0.01,64,150
3,80,0.7082310473548228,0.7082310473548228,0.0001,32,150
3,90,0.7134757453416071,0.7134757453416071,0.01,64,150
3,100,0.7222215271736107,0.7222215271736107,0.01,128,150
3,110,0.7273629300073037,0.7273629300073037,0.01,32,75
3,120,0.7282655135985103,0.7282655135985103,0.001,128,150
4,10,0.5615389619927438,0.5615389619927438,0.0001,32,150
4,20,0.6175389134851728,0.6175389134851728,0.001,128,100
4,30,0.6428676386013848,0.6428676386013848,0.001,128,100
4,40,0.66549520114743,0.66549520114743,0.01,64,50
4,50,0.6815552046520905,0.6815552046520905,0.001,64,50
