fold,dim,variance,r2,lr,batch,epochs
1,10,0.5626437963003639,0.5626437963003639,0.001,256,100
1,20,0.6204728290562855,0.6204728290562855,0.001,128,100
1,30,0.6453928636648167,0.6453928636648167,0.01,128,50
1,40,0.6628878338178941,0.6628878338178941,0.01,256,150
1,50,0.6856715959935114,0.6856715959935114,0.01,128,100
1,60,0.6911166092019463,0.6911166092019463,0.01,128,75
1,70,0.6999884980793794,0.6999884980793794,0.0001,32,150
1,80,0.7106154376582978,0.7106154376582978,0.001,128,100
1,90,0.717551832355617,0.717551832355617,0.01,64,100
1,100,0.72064804068771,0.72064804068771,0.001,32,150
1,110,0.7245180874972712,0.7245180874972712,0.01,64,75
1,120,0.7280357218352114,0.7280357218352114,0.01,32,75
