fold,dim,variance,r2,lr,batch,epochs
1,1,0.3126258993380945,0.3126258993380945,0.01,256,10
1,2,0.4228831472306377,0.4228831472306377,0.1,256,10
1,3,0.45567675560172827,0.45567675560172827,0.01,128,10
1,4,0.5135909615603111,0.5135909615603111,0.0001,32,100
1,5,0.5197312605271505,0.5197312605271505,0.01,64,10
2,1,0.2486927583087316,0.2486927583087316,0.0001,128,100
2,2,0.4312872225229357,0.4312872225229357,0.001,256,50
2,3,0.42229849554974375,0.42229849554974375,0.1,256,75
2,4,0.48164731308422404,0.48164731308422404,0.0001,32,100
2,5,0.5062620743277212,0.5062620743277212,0.001,32,50
3,1,0.2573447978829543,0.2573447978829543,0.0001,256,100
3,2,0.29189942508461264,0.29189942508461264,0.1,64,50
3,3,0.4488146217505953,0.4488146217505953,0.0001,128,150
3,4,0.490360341787089,0.490360341787089,0.0001,32,100
3,5,0.5048180875732209,0.5048180875732209,0.001,256,75
4,1,0.2831345700593938,0.2831345700593938,0.001,256,10
4,2,0.35700563828893905,0.35700563828893905,0.001,64,10
4,3,0.47893239309958935,0.47893239309958935,0.001,32,10
4,4,0.5110597809188572,0.5110597809188572,0.001,128,50
4,5,0.5233822036912084,0.5233822036912084,0.001,128,50
5,1,0.3213882095363204,0.3213882095363204,0.0001,256,10
5,2,0.284793196882137,0.284793196882137,0.0001,64,75
5,3,0.43340552440462343,0.43340552440462343,0.0001,64,150
5,4,0.48689159882618815,0.48689159882618815,0.0001,32,100
5,5,0.5154310110742903,0.5154310110742903,0.001,32,75
